11;arms_factory;1905.00;10.75;1015.00;4.63;0
11;arms_factory;1882.00;10.15;1034.00;1.37;0
11;arms_factory;1888.00;11.12;1040.00;4.03;0
11;arms_factory;1903.00;10.82;1016.00;0.41;0
11;arms_factory;1895.00;11.28;1020.00;4.54;0
11;arms_factory;1881.00;10.38;1007.00;4.64;0
11;industrial_complex;1893.00;10.95;1015.00;2.48;0
11;industrial_complex;1899.00;10.75;1027.00;5.15;0
11;industrial_complex;1893.00;10.28;1000.00;2.98;0
11;industrial_complex;1886.00;10.95;1036.00;3.09;0
11;industrial_complex;1888.00;11.98;1044.00;0.92;0
11;industrial_complex;1891.00;10.93;1033.00;3.59;0
11;air_base;1903.00;10.65;1021.00;5.15;0
11;supply_node;1893.00;11.10;1006.00;3.19;0
11;supply_node;1895.00;11.25;1033.00;6.13;0
11;supply_node;1884.00;10.65;1036.00;3.88;0
11;supply_node;1885.00;10.10;1018.00;5.36;0
11;supply_node;1901.00;10.62;1017.00;2.01;0
11;supply_node;1881.00;10.40;1006.00;4.60;0
11;naval_base;1881.00;10.25;1008.00;-1.57;18477
11;naval_base;1881.00;9.50;1019.00;-1.11;18477
11;bunker;1889.00;10.60;1016.00;4.71;0
11;bunker;1896.00;12.98;1013.00;1.09;0
11;bunker;1907.00;10.73;1015.00;5.21;0
11;bunker;1880.00;10.30;1006.00;1.95;0
11;bunker;1901.00;10.95;1026.00;3.15;0
11;bunker;1888.00;10.65;1036.00;0.99;0
11;coastal_bunker;1880.00;9.82;1003.00;-1.57;0
11;coastal_bunker;1881.00;9.50;1014.00;-1.11;0
11;dockyard;1878.00;10.20;1008.00;-1.57;0
11;anti_air_building;1906.00;11.07;1020.00;5.72;0
11;anti_air_building;1891.00;11.82;1043.00;5.82;0
11;anti_air_building;1881.00;10.10;1036.00;3.66;0
11;synthetic_refinery;1896.00;10.65;1028.00;0.04;0
11;fuel_silo;1902.00;10.73;1017.00;2.71;0
11;rocket_site;1884.00;10.10;1013.00;2.11;0
11;nuclear_reactor;1894.00;11.30;1024.00;4.78;0
10;arms_factory;1878.00;10.10;991.00;4.03;0
10;arms_factory;1892.00;10.28;973.00;0.41;0
10;arms_factory;1901.00;11.18;980.00;4.54;0
10;arms_factory;1884.00;10.15;997.00;4.64;0
10;arms_factory;1885.00;10.12;980.00;2.48;0
10;arms_factory;1897.00;10.25;962.00;5.15;0
10;industrial_complex;1889.00;10.48;988.00;2.98;0
10;industrial_complex;1906.00;10.60;965.00;3.09;0
10;industrial_complex;1891.00;10.20;971.00;0.92;0
10;industrial_complex;1906.00;10.65;973.00;3.59;0
10;industrial_complex;1887.00;10.48;991.00;5.15;0
10;industrial_complex;1896.00;10.80;978.00;2.99;0
10;air_base;1881.00;10.10;995.00;5.65;0
10;supply_node;1884.00;10.10;980.00;3.88;0
10;supply_node;1906.00;10.55;967.00;5.36;0
10;supply_node;1884.00;10.15;994.00;2.01;0
10;supply_node;1900.00;10.68;993.00;4.60;0
10;supply_node;1896.00;10.98;981.00;1.25;0
10;supply_node;1895.00;10.28;969.00;2.73;0
10;naval_base;1877.00;9.50;988.00;-2.47;18477
10;naval_base;1876.00;9.50;989.00;-1.57;18477
10;bunker;1880.00;10.10;993.00;5.21;0
10;bunker;1882.00;10.28;973.00;1.95;0
10;bunker;1903.00;11.38;981.00;3.15;0
10;bunker;1905.00;10.60;968.00;0.99;0
10;bunker;1904.00;10.85;977.00;3.66;0
10;bunker;1901.00;11.43;997.00;5.22;0
10;coastal_bunker;1876.00;9.50;996.00;-1.57;0
10;coastal_bunker;1881.00;10.15;979.00;-2.47;0
10;dockyard;1880.00;9.53;979.00;-0.67;0
10;anti_air_building;1896.00;10.95;980.00;3.66;0
10;anti_air_building;1884.00;10.32;974.00;0.04;0
10;anti_air_building;1889.00;10.35;979.00;2.71;0
10;synthetic_refinery;1886.00;10.40;997.00;5.72;0
10;fuel_silo;1884.00;10.30;988.00;2.11;0
10;rocket_site;1901.00;10.80;993.00;1.16;0
10;nuclear_reactor;1905.00;10.85;972.00;4.17;0
10;floating_harbor;1869.00;9.50;994.00;1.57;15852
12;arms_factory;1915.00;10.50;979.00;2.98;0
12;arms_factory;1913.00;12.30;1012.00;3.09;0
12;arms_factory;1925.00;12.62;996.00;0.92;0
12;arms_factory;1910.00;10.98;1008.00;3.59;0
12;arms_factory;1933.00;13.68;1003.00;5.15;0
12;arms_factory;1931.00;14.60;994.00;2.99;0
12;industrial_complex;1927.00;13.30;1000.00;5.65;0
12;industrial_complex;1924.00;12.55;979.00;2.04;0
12;industrial_complex;1906.00;11.28;985.00;3.59;0
12;industrial_complex;1914.00;13.45;991.00;1.43;0
12;industrial_complex;1913.00;12.45;994.00;2.65;0
12;industrial_complex;1928.00;11.05;985.00;0.48;0
12;air_base;1915.00;13.38;989.00;2.04;0
12;supply_node;1924.00;13.32;1011.00;0.48;0
12;supply_node;1917.00;11.20;973.00;3.42;0
12;supply_node;1912.00;12.00;1004.00;4.90;0
12;supply_node;1928.00;14.25;996.00;2.66;0
12;supply_node;1912.00;12.35;987.00;4.13;0
12;supply_node;1925.00;11.45;985.00;0.79;0
12;bunker;1910.00;12.43;1004.00;3.66;0
12;bunker;1918.00;12.20;989.00;5.22;0
12;bunker;1921.00;13.25;1012.00;1.60;0
12;bunker;1912.00;10.68;979.00;5.72;0
12;bunker;1933.00;13.73;1001.00;5.82;0
12;bunker;1925.00;13.18;980.00;3.66;0
12;anti_air_building;1905.00;13.32;1005.00;0.04;0
12;anti_air_building;1935.00;14.30;999.00;2.71;0
12;anti_air_building;1912.00;11.82;1013.00;5.72;0
12;synthetic_refinery;1930.00;13.70;996.00;2.11;0
12;fuel_silo;1919.00;11.95;990.00;4.78;0
12;rocket_site;1919.00;12.30;986.00;4.17;0
12;nuclear_reactor;1908.00;11.38;989.00;0.55;0
9;arms_factory;1901.00;10.23;952.00;4.64;0
9;arms_factory;1883.00;10.10;966.00;2.48;0
9;arms_factory;1898.00;10.25;933.00;5.15;0
9;arms_factory;1886.00;10.10;958.00;2.98;0
9;arms_factory;1884.00;10.10;947.00;3.09;0
9;arms_factory;1886.00;10.10;948.00;0.92;0
9;industrial_complex;1908.00;10.25;957.00;3.59;0
9;industrial_complex;1898.00;10.70;942.00;5.15;0
9;industrial_complex;1895.00;10.85;938.00;2.99;0
9;industrial_complex;1892.00;10.57;939.00;5.65;0
9;industrial_complex;1887.00;10.12;939.00;2.04;0
9;industrial_complex;1885.00;10.10;953.00;3.59;0
9;air_base;1886.00;10.10;954.00;1.43;0
9;supply_node;1887.00;10.28;962.00;4.60;0
9;supply_node;1898.00;10.70;936.00;1.25;0
9;supply_node;1902.00;10.32;950.00;2.73;0
9;supply_node;1887.00;10.10;950.00;0.48;0
9;supply_node;1881.00;10.10;942.00;3.42;0
9;naval_base;1878.00;10.10;941.00;-2.16;18577
9;naval_base;1880.00;9.50;966.00;-1.82;18577
9;naval_base;1879.00;9.50;954.00;-2.28;18577
9;bunker;1904.00;10.18;954.00;0.99;0
9;bunker;1889.00;10.15;945.00;3.66;0
9;bunker;1900.00;10.32;932.00;5.22;0
9;bunker;1884.00;10.12;943.00;1.60;0
9;bunker;1892.00;10.10;960.00;5.72;0
9;coastal_bunker;1882.00;10.00;957.00;-2.28;0
9;coastal_bunker;1881.00;9.50;966.00;-1.82;0
9;coastal_bunker;1878.00;9.50;946.00;-2.16;0
9;dockyard;1878.00;9.50;947.00;-2.16;0
9;anti_air_building;1902.00;11.05;940.00;5.72;0
9;anti_air_building;1902.00;11.18;941.00;2.11;0
9;anti_air_building;1880.00;10.10;945.00;4.78;0
9;synthetic_refinery;1885.00;10.10;956.00;1.16;0
9;fuel_silo;1891.00;10.10;957.00;4.17;0
9;rocket_site;1900.00;10.10;951.00;3.22;0
9;nuclear_reactor;1903.00;10.38;952.00;5.89;0
9;floating_harbor;1872.18;9.50;947.88;0.98;16044
13;arms_factory;1929.00;11.68;924.00;2.04;0
13;arms_factory;1920.00;11.18;936.00;3.59;0
13;arms_factory;1909.00;10.50;924.00;1.43;0
13;arms_factory;1922.00;12.78;952.00;2.65;0
13;arms_factory;1909.00;10.78;927.00;0.48;0
13;arms_factory;1920.00;11.98;928.00;2.04;0
13;industrial_complex;1910.00;11.60;930.00;4.71;0
13;industrial_complex;1917.00;11.50;956.00;1.09;0
13;industrial_complex;1915.00;10.48;945.00;5.21;0
13;industrial_complex;1923.00;11.05;958.00;1.95;0
13;industrial_complex;1917.00;11.03;948.00;3.15;0
13;industrial_complex;1924.00;12.25;933.00;0.99;0
13;air_base;1923.00;14.05;924.00;3.66;0
13;supply_node;1919.00;12.12;957.00;0.03;0
13;supply_node;1915.00;10.48;945.00;2.97;0
13;supply_node;1910.00;11.12;927.00;4.44;0
13;supply_node;1923.00;11.38;928.00;2.20;0
13;bunker;1917.00;11.82;953.00;3.66;0
13;bunker;1911.00;11.23;942.00;0.04;0
13;bunker;1912.00;12.12;931.00;2.71;0
13;bunker;1920.00;12.85;922.00;5.72;0
13;anti_air_building;1916.00;12.32;931.00;2.11;0
13;anti_air_building;1920.00;12.18;921.00;4.78;0
13;anti_air_building;1918.00;11.62;933.00;1.16;0
13;synthetic_refinery;1912.00;10.68;949.00;4.17;0
13;fuel_silo;1922.00;11.48;935.00;0.55;0
13;rocket_site;1920.00;11.18;936.00;5.89;0
13;nuclear_reactor;1910.00;11.03;926.00;2.62;0
8;arms_factory;1915.00;11.23;897.00;5.15;0
8;arms_factory;1918.00;11.57;917.00;2.98;0
8;arms_factory;1899.00;11.55;914.00;3.09;0
8;arms_factory;1930.00;12.20;914.00;0.92;0
8;arms_factory;1882.00;11.30;918.00;3.59;0
8;arms_factory;1895.00;10.70;925.00;5.15;0
8;industrial_complex;1913.00;12.78;911.00;2.99;0
8;industrial_complex;1886.00;10.23;934.00;5.65;0
8;industrial_complex;1905.00;12.43;908.00;2.04;0
8;industrial_complex;1903.00;11.07;913.00;3.59;0
8;industrial_complex;1926.00;12.35;913.00;1.43;0
8;industrial_complex;1907.00;11.28;903.00;2.65;0
8;air_base;1898.00;10.70;923.00;0.48;0
8;supply_node;1924.00;11.10;913.00;2.73;0
8;supply_node;1895.00;10.73;919.00;0.48;0
8;supply_node;1910.00;11.78;903.00;3.42;0
8;naval_base;1905.00;9.50;901.00;-0.20;18713
8;naval_base;1877.00;9.80;938.00;-2.39;18577
8;bunker;1907.00;10.38;901.00;3.15;0
8;bunker;1935.00;12.43;912.00;0.99;0
8;bunker;1890.00;11.68;920.00;3.66;0
8;coastal_bunker;1882.00;10.00;916.00;-0.54;0
8;coastal_bunker;1914.00;9.50;896.00;-0.20;0
8;dockyard;1883.00;10.12;914.00;-0.54;0
8;anti_air_building;1897.00;11.03;917.00;5.82;0
8;anti_air_building;1889.00;11.20;909.00;3.66;0
8;anti_air_building;1913.00;11.40;920.00;0.04;0
8;synthetic_refinery;1888.00;10.35;931.00;2.71;0
8;fuel_silo;1928.00;13.85;914.00;5.72;0
8;rocket_site;1929.00;13.75;912.00;4.78;0
8;nuclear_reactor;1900.00;10.90;916.00;1.16;0
8;floating_harbor;1907.63;9.50;891.14;-3.34;10864
15;arms_factory;1939.00;12.15;972.00;5.21;0
15;arms_factory;1940.00;13.23;966.00;1.95;0
15;arms_factory;1934.00;12.07;980.00;3.15;0
15;arms_factory;1942.00;14.07;963.00;0.99;0
15;arms_factory;1940.00;13.18;981.00;3.66;0
15;arms_factory;1951.00;12.15;966.00;5.22;0
15;industrial_complex;1939.00;11.65;975.00;1.60;0
15;industrial_complex;1953.00;12.65;963.00;5.72;0
15;industrial_complex;1936.00;13.05;983.00;5.82;0
15;industrial_complex;1941.00;13.53;964.00;3.66;0
15;industrial_complex;1936.00;12.73;976.00;0.04;0
15;industrial_complex;1960.00;15.57;967.00;2.71;0
15;air_base;1938.00;14.70;985.00;5.72;0
15;supply_node;1937.00;11.60;978.00;2.50;0
15;supply_node;1928.00;12.12;967.00;0.26;0
15;supply_node;1951.00;12.73;964.00;1.74;0
15;supply_node;1937.00;14.73;957.00;4.67;0
15;bunker;1939.00;15.25;955.00;0.55;0
15;bunker;1935.00;13.55;976.00;3.22;0
15;bunker;1945.00;13.65;966.00;5.89;0
15;bunker;1930.00;13.95;975.00;2.62;0
15;anti_air_building;1942.00;12.73;970.00;3.83;0
15;anti_air_building;1933.00;13.95;964.00;1.67;0
15;anti_air_building;1947.00;13.10;956.00;4.68;0
15;synthetic_refinery;1935.00;14.85;965.00;5.89;0
15;fuel_silo;1942.00;12.65;971.00;3.73;0
15;rocket_site;1939.00;15.88;957.00;1.67;0
15;nuclear_reactor;1934.00;15.25;966.00;4.34;0
16;arms_factory;1967.00;12.85;987.00;3.66;0
16;arms_factory;1984.00;12.28;984.00;5.22;0
16;arms_factory;1967.00;13.57;1010.00;1.60;0
16;arms_factory;1963.00;14.38;999.00;5.72;0
16;arms_factory;1969.00;12.48;972.00;5.82;0
16;arms_factory;1982.00;15.30;976.00;3.66;0
16;industrial_complex;1947.00;13.00;996.00;0.04;0
16;industrial_complex;1987.00;11.85;981.00;2.71;0
16;industrial_complex;1992.00;11.80;976.00;5.72;0
16;industrial_complex;1961.00;14.03;995.00;2.11;0
16;industrial_complex;1970.00;12.50;967.00;4.78;0
16;industrial_complex;1963.00;13.98;1000.00;1.16;0
16;air_base;1950.00;12.12;990.00;4.17;0
16;supply_node;1972.00;13.07;989.00;0.97;0
16;bunker;1967.00;14.28;992.00;5.89;0
16;bunker;1945.00;12.15;988.00;2.62;0
16;anti_air_building;1972.00;13.40;995.00;3.83;0
16;anti_air_building;1977.00;12.18;992.00;1.67;0
16;anti_air_building;1964.00;13.43;1001.00;4.68;0
16;synthetic_refinery;1945.00;12.10;991.00;5.89;0
16;fuel_silo;1965.00;12.70;983.00;3.73;0
16;rocket_site;1940.00;14.50;992.00;1.67;0
16;nuclear_reactor;1953.00;12.82;990.00;4.34;0
14;arms_factory;1938.00;11.85;919.00;3.15;0
14;arms_factory;1947.00;13.45;925.00;0.99;0
14;arms_factory;1945.00;13.30;944.00;3.66;0
14;arms_factory;1935.00;12.18;929.00;5.22;0
14;arms_factory;1933.00;12.65;943.00;1.60;0
14;arms_factory;1949.00;13.32;915.00;5.72;0
14;industrial_complex;1949.00;14.35;935.00;5.82;0
14;industrial_complex;1936.00;12.88;948.00;3.66;0
14;industrial_complex;1955.00;13.43;923.00;0.04;0
14;industrial_complex;1949.00;14.00;942.00;2.71;0
14;industrial_complex;1944.00;13.78;927.00;5.72;0
14;industrial_complex;1931.00;13.03;942.00;2.11;0
14;air_base;1954.00;13.10;916.00;4.78;0
14;supply_node;1942.00;12.70;933.00;1.74;0
14;supply_node;1951.00;13.50;917.00;4.67;0
14;supply_node;1936.00;14.98;945.00;0.97;0
14;supply_node;1940.00;11.12;916.00;3.91;0
14;bunker;1945.00;11.28;913.00;5.89;0
14;bunker;1942.00;14.60;943.00;2.62;0
14;bunker;1944.00;13.05;933.00;3.83;0
14;bunker;1954.00;13.10;916.00;1.67;0
14;anti_air_building;1942.00;11.60;917.00;4.68;0
14;anti_air_building;1955.00;13.43;923.00;5.89;0
14;anti_air_building;1945.00;14.65;940.00;3.73;0
14;synthetic_refinery;1934.00;11.93;928.00;0.11;0
14;fuel_silo;1952.00;13.55;947.00;1.67;0
14;rocket_site;1953.00;13.30;941.00;2.17;0
14;nuclear_reactor;1941.00;11.18;915.00;3.39;0
17;arms_factory;1964.00;12.75;955.00;2.71;0
17;arms_factory;1961.00;15.75;930.00;5.72;0
17;arms_factory;1956.00;12.40;955.00;2.11;0
17;arms_factory;1961.00;13.60;948.00;4.78;0
17;arms_factory;1963.00;14.07;951.00;1.16;0
17;arms_factory;1968.00;12.70;947.00;4.17;0
17;industrial_complex;1964.00;13.80;948.00;0.55;0
17;industrial_complex;1956.00;12.50;945.00;3.22;0
17;industrial_complex;1964.00;13.50;940.00;5.89;0
17;industrial_complex;1965.00;13.48;941.00;2.62;0
17;industrial_complex;1958.00;13.93;936.00;3.83;0
17;industrial_complex;1958.00;13.28;941.00;1.67;0
17;air_base;1957.00;13.25;931.00;4.68;0
17;supply_node;1962.00;14.25;947.00;1.97;0
17;supply_node;1957.00;13.25;931.00;3.46;0
17;bunker;1956.00;12.43;952.00;0.11;0
17;bunker;1962.00;15.98;931.00;1.67;0
17;anti_air_building;1961.00;13.10;951.00;4.34;0
17;anti_air_building;1960.00;12.57;952.00;2.17;0
17;anti_air_building;1963.00;14.43;948.00;3.39;0
17;synthetic_refinery;1968.00;12.93;944.00;0.12;0
17;fuel_silo;1965.00;13.57;945.00;2.78;0
17;rocket_site;1958.00;12.70;945.00;3.29;0
17;nuclear_reactor;1959.00;14.53;937.00;4.84;0
7;arms_factory;1940.00;12.35;896.00;4.71;0
7;arms_factory;1941.00;12.10;902.00;1.09;0
7;arms_factory;1948.00;14.30;906.00;5.21;0
7;arms_factory;1960.00;12.68;894.00;1.95;0
7;arms_factory;1961.00;13.00;896.00;3.15;0
7;arms_factory;1945.00;11.55;879.00;0.99;0
7;industrial_complex;1928.00;12.60;900.00;3.66;0
7;industrial_complex;1921.00;11.68;903.00;5.22;0
7;industrial_complex;1934.00;12.25;888.00;1.60;0
7;industrial_complex;1936.00;12.62;891.00;5.72;0
7;industrial_complex;1928.00;10.23;876.00;5.82;0
7;industrial_complex;1952.00;12.82;905.00;3.66;0
7;air_base;1941.00;15.53;910.00;0.04;0
7;supply_node;1949.00;12.30;881.00;4.37;0
7;supply_node;1932.00;10.60;882.00;5.85;0
7;supply_node;1957.00;11.50;895.00;2.50;0
7;supply_node;1943.00;12.70;906.00;0.26;0
7;supply_node;1927.00;13.60;899.00;1.74;0
7;naval_base;1923.00;9.50;877.00;-0.88;18240
7;naval_base;1918.00;9.57;888.00;-0.69;18713
7;bunker;1939.00;10.82;878.00;3.22;0
7;bunker;1957.00;11.18;892.00;5.89;0
7;bunker;1941.00;11.15;880.00;2.62;0
7;bunker;1937.00;10.90;896.00;3.83;0
7;bunker;1944.00;13.00;903.00;1.67;0
7;coastal_bunker;1924.00;9.55;884.00;-0.88;0
7;coastal_bunker;1917.00;9.50;888.00;-0.69;0
7;dockyard;1923.00;9.53;878.00;-0.88;0
7;anti_air_building;1925.00;10.25;890.00;0.11;0
7;anti_air_building;1920.00;10.62;896.00;1.67;0
7;anti_air_building;1934.00;10.73;881.00;4.34;0
7;synthetic_refinery;1960.00;12.05;901.00;2.17;0
7;fuel_silo;1957.00;11.07;885.00;3.39;0
7;rocket_site;1945.00;12.45;873.00;2.78;0
7;nuclear_reactor;1957.00;11.25;888.00;5.45;0
5;arms_factory;1914.00;10.88;873.00;1.09;0
5;arms_factory;1908.00;10.23;875.00;5.21;0
5;arms_factory;1914.00;11.40;875.00;1.95;0
5;arms_factory;1917.00;11.75;876.00;3.15;0
5;arms_factory;1916.00;10.28;865.00;0.99;0
5;arms_factory;1916.00;10.25;866.00;3.66;0
5;industrial_complex;1910.00;10.38;869.00;5.22;0
5;industrial_complex;1915.00;11.93;875.00;1.60;0
5;industrial_complex;1907.00;10.15;877.00;5.72;0
5;industrial_complex;1913.00;10.80;877.00;5.82;0
5;industrial_complex;1916.00;10.25;866.00;3.66;0
5;industrial_complex;1911.00;10.32;869.00;0.04;0
5;air_base;1912.00;10.32;870.00;2.71;0
5;supply_node;1911.00;10.78;874.00;5.85;0
5;supply_node;1920.00;10.35;859.00;2.50;0
5;naval_base;1916.00;10.23;867.00;0.98;18240
5;naval_base;1910.00;9.70;867.00;-1.57;18713
5;bunker;1912.00;10.32;870.00;4.17;0
5;bunker;1931.00;10.20;852.00;0.55;0
5;coastal_bunker;1909.00;9.93;869.00;-1.57;0
5;coastal_bunker;1928.00;9.55;852.00;0.98;0
5;dockyard;1921.00;10.30;858.00;0.98;0
5;anti_air_building;1920.00;10.28;858.00;3.83;0
5;anti_air_building;1915.00;10.32;865.00;1.67;0
5;anti_air_building;1915.00;10.32;866.00;4.68;0
5;synthetic_refinery;1909.00;10.32;874.00;5.89;0
5;fuel_silo;1914.00;11.40;875.00;3.73;0
5;rocket_site;1912.00;10.45;877.00;1.67;0
5;nuclear_reactor;1915.00;10.32;866.00;4.34;0
5;floating_harbor;1926.00;9.50;858.00;-1.25;16286
4;arms_factory;1949.00;11.62;850.00;1.09;0
4;arms_factory;1952.00;11.03;857.00;5.21;0
4;arms_factory;1940.00;10.45;868.00;1.95;0
4;arms_factory;1952.00;11.18;860.00;3.15;0
4;arms_factory;1955.00;10.75;860.00;0.99;0
4;arms_factory;1956.00;13.30;864.00;3.66;0
4;industrial_complex;1963.00;11.73;870.00;5.22;0
4;industrial_complex;1955.00;11.70;871.00;1.60;0
4;industrial_complex;1955.00;10.53;847.00;5.72;0
4;industrial_complex;1948.00;11.28;852.00;5.82;0
4;industrial_complex;1950.00;11.20;852.00;3.66;0
4;industrial_complex;1936.00;10.50;865.00;0.04;0
4;air_base;1964.00;11.68;855.00;2.71;0
4;supply_node;1955.00;10.82;850.00;5.85;0
4;supply_node;1941.00;10.40;866.00;2.50;0
4;supply_node;1959.00;12.23;863.00;0.26;0
4;supply_node;1944.00;10.98;856.00;1.74;0
4;naval_base;1936.00;9.53;868.00;-1.19;18240
4;naval_base;1952.00;9.50;846.00;-0.54;18959
4;naval_base;1941.00;9.57;854.00;-1.57;18240
4;bunker;1954.00;10.95;854.00;5.89;0
4;bunker;1941.00;11.35;871.00;2.62;0
4;bunker;1957.00;13.00;865.00;3.83;0
4;bunker;1947.00;11.12;857.00;1.67;0
4;coastal_bunker;1940.00;9.50;861.00;-1.57;0
4;coastal_bunker;1938.00;9.53;862.00;-1.19;0
4;coastal_bunker;1956.00;9.50;844.00;-0.54;0
4;dockyard;1937.00;9.82;863.00;-1.19;0
4;anti_air_building;1943.00;11.20;862.00;1.67;0
4;anti_air_building;1945.00;11.07;862.00;4.34;0
4;anti_air_building;1961.00;12.18;860.00;2.17;0
4;synthetic_refinery;1963.00;12.80;860.00;3.39;0
4;fuel_silo;1965.00;12.90;860.00;0.12;0
4;rocket_site;1963.00;12.45;871.00;5.45;0
4;nuclear_reactor;1949.00;11.28;848.00;3.29;0
4;floating_harbor;1934.00;9.50;856.00;1.57;16316
3;arms_factory;1976.00;12.10;854.00;4.71;0
3;arms_factory;2008.00;11.35;847.00;1.09;0
3;arms_factory;1970.00;10.35;836.00;5.21;0
3;arms_factory;1973.00;12.12;870.00;1.95;0
3;arms_factory;1971.00;12.20;848.00;3.15;0
3;arms_factory;1991.00;10.65;843.00;0.99;0
3;industrial_complex;1989.00;10.15;837.00;3.66;0
3;industrial_complex;1974.00;12.15;864.00;5.22;0
3;industrial_complex;1997.00;11.30;853.00;1.60;0
3;industrial_complex;1998.00;13.28;863.00;5.72;0
3;industrial_complex;1967.00;10.82;839.00;5.82;0
3;industrial_complex;1978.00;11.60;873.00;3.66;0
3;air_base;1971.00;12.55;850.00;0.04;0
3;supply_node;1978.00;12.10;865.00;4.37;0
3;supply_node;1975.00;10.57;848.00;5.85;0
3;supply_node;1995.00;12.48;859.00;2.50;0
3;supply_node;1996.00;11.28;846.00;0.26;0
3;supply_node;1967.00;10.70;837.00;1.74;0
3;supply_node;1985.00;10.10;836.00;4.67;0
3;naval_base;1975.00;10.10;827.00;0.54;18959
3;naval_base;1989.00;9.80;832.00;0.00;18959
3;naval_base;1977.00;9.50;836.00;0.17;18959
3;bunker;2004.00;12.10;852.00;2.62;0
3;bunker;1983.00;11.70;870.00;3.83;0
3;bunker;1993.00;11.25;856.00;1.67;0
3;bunker;1974.00;10.40;848.00;4.68;0
3;bunker;1963.00;11.23;840.00;5.89;0
3;bunker;1982.00;10.10;840.00;3.73;0
3;coastal_bunker;1960.00;9.50;840.00;0.54;0
3;coastal_bunker;1987.00;9.80;833.00;0.00;0
3;coastal_bunker;1978.00;9.50;836.00;0.17;0
3;dockyard;1974.00;10.10;828.00;0.54;0
3;anti_air_building;1975.00;10.32;847.00;3.39;0
3;anti_air_building;1996.00;11.18;842.00;0.12;0
3;anti_air_building;1997.00;11.32;849.00;2.78;0
3;synthetic_refinery;1976.00;11.23;863.00;5.45;0
3;fuel_silo;1976.00;10.15;837.00;3.29;0
3;rocket_site;1965.00;11.05;838.00;2.69;0
3;nuclear_reactor;1982.00;12.98;855.00;3.90;0
3;floating_harbor;1985.00;9.50;826.00;-3.14;16378
6;arms_factory;1977.00;13.12;893.00;1.60;0
6;arms_factory;1998.00;13.65;873.00;5.72;0
6;arms_factory;1965.00;12.00;879.00;5.82;0
6;arms_factory;1985.00;13.93;890.00;3.66;0
6;arms_factory;1989.00;12.10;871.00;0.04;0
6;arms_factory;1966.00;12.03;877.00;2.71;0
6;industrial_complex;1983.00;12.48;885.00;5.72;0
6;industrial_complex;1978.00;13.88;900.00;2.11;0
6;industrial_complex;1970.00;12.57;873.00;4.78;0
6;industrial_complex;1969.00;12.25;884.00;1.16;0
6;industrial_complex;1981.00;13.95;897.00;4.17;0
6;industrial_complex;1995.00;13.95;878.00;0.55;0
6;air_base;1976.00;14.03;882.00;3.22;0
6;supply_node;1978.00;13.40;895.00;0.57;0
6;supply_node;1991.00;15.35;877.00;3.15;0
6;supply_node;1972.00;11.68;881.00;6.09;0
6;bunker;1986.00;12.30;887.00;1.67;0
6;bunker;1980.00;12.07;881.00;4.68;0
6;bunker;1991.00;14.70;876.00;5.89;0
6;anti_air_building;1980.00;12.48;887.00;3.73;0
6;anti_air_building;1997.00;13.57;871.00;0.11;0
6;anti_air_building;1991.00;14.65;883.00;1.67;0
6;synthetic_refinery;1983.00;12.48;885.00;4.34;0
6;fuel_silo;1978.00;14.05;896.00;2.17;0
6;rocket_site;1969.00;12.25;884.00;0.12;0
6;nuclear_reactor;1974.00;14.10;894.00;2.78;0
18;arms_factory;1983.00;13.30;917.00;2.78;0
18;arms_factory;1996.00;11.90;924.00;5.45;0
18;arms_factory;1972.00;13.48;927.00;3.29;0
18;arms_factory;1960.00;11.57;906.00;4.84;0
18;arms_factory;1992.00;12.20;933.00;2.69;0
18;arms_factory;1976.00;13.57;931.00;3.90;0
18;industrial_complex;1966.00;12.23;912.00;0.63;0
18;industrial_complex;2005.00;11.70;913.00;3.29;0
18;industrial_complex;1982.00;14.10;903.00;5.96;0
18;industrial_complex;1972.00;13.75;918.00;2.34;0
18;industrial_complex;1991.00;12.12;923.00;5.36;0
18;industrial_complex;1982.00;15.00;909.00;0.28;0
18;air_base;1988.00;12.48;924.00;4.40;0
18;supply_node;1978.00;13.90;929.00;1.70;0
18;supply_node;1986.00;13.57;911.00;4.64;0
18;supply_node;1965.00;12.07;914.00;0.94;0
18;supply_node;1997.00;12.07;923.00;3.88;0
18;bunker;1983.00;12.18;937.00;5.52;0
18;bunker;1962.00;12.07;908.00;0.79;0
18;bunker;1990.00;12.65;918.00;4.91;0
18;bunker;2003.00;11.78;920.00;1.29;0
18;anti_air_building;1964.00;15.18;925.00;2.86;0
18;anti_air_building;1997.00;11.93;928.00;5.52;0
18;anti_air_building;1977.00;14.70;912.00;3.36;0
18;synthetic_refinery;1997.00;12.43;920.00;6.03;0
18;fuel_silo;1980.00;14.03;923.00;1.30;0
18;rocket_site;1963.00;12.93;916.00;0.35;0
18;nuclear_reactor;1966.00;15.82;929.00;4.47;0
19;arms_factory;1984.00;14.70;961.00;3.90;0
19;arms_factory;1983.00;12.70;948.00;0.63;0
19;arms_factory;1980.00;13.10;957.00;3.29;0
19;arms_factory;1985.00;12.00;943.00;5.96;0
19;arms_factory;1976.00;12.57;961.00;2.34;0
19;arms_factory;1970.00;13.25;939.00;5.36;0
19;industrial_complex;1980.00;13.10;957.00;0.28;0
19;industrial_complex;1989.00;12.00;941.00;4.40;0
19;industrial_complex;1982.00;14.00;958.00;2.24;0
19;industrial_complex;1970.00;13.25;939.00;2.34;0
19;industrial_complex;1973.00;13.18;956.00;0.18;0
19;industrial_complex;1989.00;12.00;941.00;2.85;0
19;air_base;1977.00;14.38;950.00;5.52;0
19;supply_node;1984.00;14.80;963.00;3.11;0
19;supply_node;1972.00;13.30;951.00;6.04;0
19;supply_node;1982.00;12.12;944.00;1.24;0
19;bunker;1985.00;13.10;952.00;2.86;0
19;bunker;1974.00;13.48;949.00;5.52;0
19;bunker;1979.00;14.62;966.00;3.36;0
19;anti_air_building;1978.00;12.55;936.00;6.03;0
19;anti_air_building;1973.00;12.68;945.00;1.30;0
19;anti_air_building;1972.00;13.38;960.00;5.42;0
19;synthetic_refinery;1984.00;12.12;944.00;0.35;0
19;fuel_silo;1986.00;14.65;962.00;4.47;0
19;rocket_site;1975.00;12.90;958.00;2.41;0
19;nuclear_reactor;1984.00;12.12;944.00;5.08;0
20;arms_factory;1995.00;11.90;965.00;5.96;0
20;arms_factory;1994.00;14.60;955.00;2.34;0
20;arms_factory;1996.00;12.90;950.00;5.36;0
20;arms_factory;1997.00;13.57;946.00;0.28;0
20;arms_factory;2006.00;11.85;954.00;4.40;0
20;arms_factory;2003.00;12.05;951.00;2.24;0
20;industrial_complex;2008.00;11.98;948.00;2.34;0
20;industrial_complex;1996.00;11.90;967.00;0.18;0
20;industrial_complex;1996.00;12.10;962.00;2.85;0
20;industrial_complex;2004.00;11.98;959.00;5.52;0
20;industrial_complex;1991.00;12.57;948.00;0.79;0
20;industrial_complex;2001.00;13.75;943.00;4.91;0
20;air_base;2002.00;13.10;938.00;1.29;0
20;supply_node;1996.00;13.03;959.00;5.28;0
20;supply_node;2007.00;12.07;947.00;0.48;0
20;supply_node;1996.00;12.82;940.00;3.42;0
20;bunker;1991.00;13.50;961.00;6.03;0
20;bunker;2014.00;13.05;938.00;1.30;0
20;bunker;1996.00;12.20;937.00;5.42;0
20;anti_air_building;1999.00;13.00;940.00;0.35;0
20;anti_air_building;2000.00;12.18;934.00;4.47;0
20;anti_air_building;2008.00;11.88;954.00;6.03;0
20;synthetic_refinery;2009.00;11.88;944.00;2.41;0
20;fuel_silo;2013.00;13.10;941.00;5.08;0
20;rocket_site;1996.00;14.10;956.00;3.02;0
20;nuclear_reactor;1992.00;14.28;952.00;0.86;0
21;arms_factory;2014.00;11.98;910.00;2.24;0
21;arms_factory;2012.00;12.82;928.00;2.34;0
21;arms_factory;2011.00;12.28;922.00;0.18;0
21;arms_factory;2003.00;12.78;934.00;2.85;0
21;arms_factory;2017.00;12.57;925.00;5.52;0
21;arms_factory;2024.00;11.05;920.00;0.79;0
21;industrial_complex;2015.00;12.23;916.00;4.91;0
21;industrial_complex;2013.00;12.15;930.00;1.29;0
21;industrial_complex;2009.00;12.40;927.00;2.86;0
21;industrial_complex;2018.00;11.75;910.00;5.52;0
21;industrial_complex;2028.00;10.93;928.00;3.36;0
21;industrial_complex;2017.00;12.57;925.00;6.03;0
21;air_base;2010.00;11.82;920.00;1.30;0
21;supply_node;2011.00;12.75;931.00;5.59;0
21;supply_node;2021.00;11.98;921.00;1.89;0
21;supply_node;2010.00;11.93;918.00;4.83;0
21;bunker;2015.00;12.25;912.00;6.03;0
21;bunker;2022.00;11.40;927.00;2.41;0
21;bunker;2009.00;12.40;927.00;5.08;0
21;anti_air_building;2016.00;12.05;934.00;2.92;0
21;anti_air_building;2007.00;13.25;932.00;3.02;0
21;anti_air_building;2019.00;12.57;922.00;0.86;0
21;synthetic_refinery;2011.00;11.98;918.00;4.98;0
21;fuel_silo;2004.00;12.88;932.00;0.26;0
21;rocket_site;2018.00;12.85;916.00;5.59;0
21;nuclear_reactor;2020.00;11.85;930.00;3.43;0
24;arms_factory;2014.00;12.00;899.00;1.29;0
24;arms_factory;2009.00;12.48;880.00;2.86;0
24;arms_factory;1998.00;12.75;898.00;5.52;0
24;arms_factory;1992.00;14.12;894.00;3.36;0
24;arms_factory;2009.00;11.98;901.00;6.03;0
24;arms_factory;1995.00;13.78;889.00;1.30;0
24;industrial_complex;2008.00;13.78;881.00;5.42;0
24;industrial_complex;2004.00;14.90;883.00;0.35;0
24;industrial_complex;2003.00;14.88;877.00;4.47;0
24;industrial_complex;2001.00;13.40;895.00;6.03;0
24;industrial_complex;2010.00;12.12;903.00;2.41;0
24;industrial_complex;2003.00;12.12;906.00;5.08;0
24;air_base;2005.00;13.70;884.00;2.92;0
24;supply_node;1998.00;12.75;898.00;6.23;0
24;supply_node;2014.00;11.48;903.00;1.43;0
24;supply_node;2004.00;15.48;880.00;4.37;0
24;bunker;1998.00;11.98;907.00;0.26;0
24;bunker;2001.00;14.32;878.00;2.92;0
24;bunker;2016.00;11.90;900.00;5.59;0
24;anti_air_building;2004.00;15.48;880.00;3.43;0
24;anti_air_building;1991.00;13.20;902.00;3.53;0
24;anti_air_building;2002.00;12.78;899.00;1.37;0
24;synthetic_refinery;2012.00;11.75;900.00;4.03;0
24;fuel_silo;2000.00;12.55;897.00;0.41;0
24;rocket_site;1999.00;12.15;902.00;6.10;0
24;nuclear_reactor;1994.00;14.60;888.00;2.48;0
22;arms_factory;2031.00;14.23;947.00;0.79;0
22;arms_factory;2016.00;12.30;949.00;4.91;0
22;arms_factory;2025.00;13.88;946.00;1.29;0
22;arms_factory;2025.00;11.95;934.00;2.86;0
22;arms_factory;2019.00;13.18;959.00;5.52;0
22;arms_factory;2018.00;12.03;966.00;3.36;0
22;industrial_complex;2027.00;14.43;952.00;6.03;0
22;industrial_complex;2031.00;13.93;945.00;1.30;0
22;industrial_complex;2025.00;14.50;949.00;5.42;0
22;industrial_complex;2022.00;15.12;958.00;0.35;0
22;industrial_complex;2019.00;12.50;963.00;4.47;0
22;industrial_complex;2014.00;12.10;957.00;6.03;0
22;air_base;2021.00;12.55;945.00;2.41;0
22;supply_node;2026.00;12.05;941.00;0.72;0
22;supply_node;2018.00;12.98;957.00;2.19;0
22;bunker;2015.00;11.98;962.00;3.02;0
22;bunker;2018.00;11.95;944.00;0.86;0
22;anti_air_building;2015.00;12.12;960.00;4.98;0
22;anti_air_building;2029.00;11.23;932.00;0.26;0
22;anti_air_building;2024.00;12.32;943.00;2.92;0
22;synthetic_refinery;2023.00;13.28;946.00;5.59;0
22;fuel_silo;2021.00;12.00;942.00;3.43;0
22;rocket_site;2017.00;11.95;965.00;1.37;0
22;nuclear_reactor;2022.00;14.98;957.00;4.03;0
23;arms_factory;2037.00;11.10;955.00;5.52;0
23;arms_factory;2037.00;10.12;963.00;3.36;0
23;arms_factory;2043.00;10.10;959.00;6.03;0
23;arms_factory;2037.00;10.10;965.00;1.30;0
23;arms_factory;2053.00;10.10;963.00;5.42;0
23;arms_factory;2028.00;10.75;968.00;0.35;0
23;industrial_complex;2052.00;10.10;967.00;4.47;0
23;industrial_complex;2038.00;10.80;955.00;6.03;0
23;industrial_complex;2033.00;10.73;959.00;2.41;0
23;industrial_complex;2044.00;10.10;959.00;5.08;0
23;industrial_complex;2038.00;10.10;965.00;2.92;0
23;industrial_complex;2062.00;10.10;959.00;3.02;0
23;air_base;2028.00;10.75;968.00;0.86;0
23;supply_node;2053.00;10.10;961.00;4.37;0
23;supply_node;2031.00;10.60;963.00;1.02;0
23;supply_node;2038.00;11.38;951.00;3.60;0
23;naval_base;2064.00;10.10;957.00;1.25;18090
23;bunker;2039.00;10.10;965.00;3.43;0
23;bunker;2056.00;10.20;958.00;3.53;0
23;bunker;2043.00;10.15;955.00;1.37;0
23;coastal_bunker;2065.00;9.80;957.00;1.25;0
23;dockyard;2064.00;10.10;957.00;1.25;0
23;anti_air_building;2035.00;10.30;959.00;1.97;0
23;anti_air_building;2045.00;10.10;959.00;6.10;0
23;anti_air_building;2042.00;10.10;962.00;2.48;0
23;synthetic_refinery;2046.00;10.10;960.00;5.15;0
23;fuel_silo;2028.00;10.62;969.00;1.88;0
23;rocket_site;2033.00;12.73;951.00;0.92;0
23;nuclear_reactor;2034.00;10.43;960.00;3.59;0
23;floating_harbor;2071.64;9.50;954.79;-1.89;629
39;arms_factory;2058.00;12.53;909.00;3.60;0
39;arms_factory;2058.00;10.65;929.00;1.44;0
39;arms_factory;2070.00;10.53;915.00;4.10;0
39;arms_factory;2045.00;12.38;942.00;5.66;0
39;arms_factory;2044.00;14.45;932.00;2.04;0
39;arms_factory;2050.00;10.55;952.00;6.16;0
39;industrial_complex;2052.00;14.12;918.00;1.09;0
39;industrial_complex;2057.00;11.50;905.00;4.11;0
39;industrial_complex;2056.00;15.62;922.00;0.49;0
39;industrial_complex;2065.00;12.32;911.00;3.15;0
39;industrial_complex;2053.00;10.57;939.00;5.82;0
39;industrial_complex;2056.00;10.30;937.00;2.55;0
39;air_base;2047.00;11.85;949.00;5.22;0
39;supply_node;2054.00;10.78;950.00;1.70;0
39;supply_node;2060.00;10.18;939.00;5.74;0
39;supply_node;2045.00;12.68;938.00;0.93;0
39;supply_node;2059.00;14.75;922.00;3.87;0
39;supply_node;2054.00;12.85;911.00;1.63;0
39;naval_base;2068.00;10.62;918.00;1.57;18090
39;naval_base;2064.00;10.18;946.00;1.57;18090
39;naval_base;2062.00;10.25;950.00;-4.49;18090
39;bunker;2052.00;14.28;925.00;4.78;0
39;bunker;2040.00;11.32;940.00;0.05;0
39;bunker;2052.00;12.15;915.00;4.17;0
39;bunker;2058.00;10.65;950.00;0.56;0
39;bunker;2061.00;10.10;935.00;3.22;0
39;coastal_bunker;2061.00;10.12;954.00;-4.49;0
39;coastal_bunker;2071.00;10.18;917.00;1.57;0
39;coastal_bunker;2064.00;9.80;933.00;1.57;0
39;dockyard;2064.00;9.80;933.00;1.57;0
39;anti_air_building;2044.00;13.70;934.00;3.23;0
39;anti_air_building;2059.00;10.18;936.00;1.07;0
39;anti_air_building;2052.00;15.23;919.00;2.27;0
39;synthetic_refinery;2053.00;12.68;907.00;5.29;0
39;fuel_silo;2053.00;13.32;927.00;3.13;0
39;rocket_site;2042.00;12.28;940.00;2.18;0
39;nuclear_reactor;2065.00;10.10;945.00;3.74;0
39;floating_harbor;2074.00;9.50;922.00;-1.57;16090
40;arms_factory;2042.00;11.60;918.00;2.04;0
40;arms_factory;2054.00;10.45;892.00;6.16;0
40;arms_factory;2036.00;11.65;908.00;1.09;0
40;arms_factory;2032.00;12.00;925.00;4.11;0
40;arms_factory;2056.00;10.25;900.00;0.49;0
40;arms_factory;2028.00;11.90;911.00;3.15;0
40;industrial_complex;2052.00;10.70;896.00;5.82;0
40;industrial_complex;2057.00;10.30;899.00;2.55;0
40;industrial_complex;2042.00;11.53;916.00;5.22;0
40;industrial_complex;2035.00;11.60;904.00;1.60;0
40;industrial_complex;2041.00;11.10;906.00;4.62;0
40;industrial_complex;2037.00;12.15;933.00;1.00;0
40;air_base;2028.00;12.40;906.00;3.66;0
40;supply_node;2041.00;11.48;916.00;1.63;0
40;supply_node;2049.00;10.70;891.00;3.10;0
40;supply_node;2027.00;12.45;906.00;6.04;0
40;supply_node;2033.00;12.40;924.00;2.34;0
40;supply_node;2043.00;10.82;903.00;5.28;0
40;bunker;2027.00;12.10;915.00;0.05;0
40;bunker;2043.00;11.10;905.00;4.17;0
40;bunker;2052.00;11.05;893.00;0.56;0
40;bunker;2025.00;11.45;911.00;3.22;0
40;bunker;2040.00;11.48;915.00;4.78;0
40;anti_air_building;2038.00;11.38;909.00;2.62;0
40;anti_air_building;2047.00;11.30;899.00;3.83;0
40;anti_air_building;2049.00;11.95;901.00;0.56;0
40;synthetic_refinery;2032.00;12.70;923.00;3.23;0
40;fuel_silo;2053.00;10.60;897.00;1.07;0
40;rocket_site;2049.00;10.98;887.00;5.29;0
40;nuclear_reactor;2049.00;10.93;904.00;3.13;0
37;arms_factory;2073.00;10.30;885.00;1.44;0
37;arms_factory;2062.00;10.80;902.00;4.10;0
37;arms_factory;2068.00;10.68;875.00;5.66;0
37;arms_factory;2069.00;10.80;872.00;2.04;0
37;arms_factory;2074.00;10.10;913.00;6.16;0
37;arms_factory;2074.00;12.98;906.00;1.09;0
37;industrial_complex;2078.00;12.60;901.00;4.11;0
37;industrial_complex;2072.00;12.03;903.00;0.49;0
37;industrial_complex;2069.00;10.40;900.00;3.15;0
37;industrial_complex;2064.00;10.73;874.00;5.82;0
37;industrial_complex;2070.00;10.78;865.00;2.55;0
37;industrial_complex;2052.00;10.75;882.00;5.22;0
37;air_base;2077.00;14.15;904.00;1.60;0
37;supply_node;2070.00;10.82;874.00;5.74;0
37;supply_node;2067.00;10.38;902.00;0.93;0
37;supply_node;2065.00;10.30;889.00;3.87;0
37;supply_node;2076.00;14.10;906.00;1.63;0
37;supply_node;2055.00;10.62;877.00;3.10;0
37;naval_base;2076.00;10.45;910.00;-3.93;18090
37;bunker;2065.00;10.25;892.00;2.11;0
37;bunker;2073.00;11.03;871.00;4.78;0
37;bunker;2065.00;10.38;901.00;0.05;0
37;bunker;2055.00;10.38;882.00;4.17;0
37;bunker;2073.00;12.20;903.00;0.56;0
37;coastal_bunker;2079.00;11.12;909.00;-3.93;0
37;dockyard;2081.00;10.65;908.00;-3.93;0
37;anti_air_building;2061.00;10.40;869.00;2.62;0
37;anti_air_building;2074.00;10.30;888.00;3.83;0
37;anti_air_building;2061.00;10.53;882.00;0.56;0
37;synthetic_refinery;2071.00;10.80;879.00;3.23;0
37;fuel_silo;2064.00;10.60;877.00;1.07;0
37;rocket_site;2055.00;10.62;873.00;5.29;0
37;nuclear_reactor;2072.00;11.75;909.00;3.13;0
37;floating_harbor;2083.95;9.50;913.95;-0.79;16158
36;arms_factory;2114.00;10.43;866.00;1.44;0
36;arms_factory;2084.00;11.80;890.00;4.10;0
36;arms_factory;2081.00;11.05;864.00;5.66;0
36;arms_factory;2079.00;10.82;863.00;2.04;0
36;arms_factory;2086.00;10.45;899.00;6.16;0
36;arms_factory;2084.00;10.68;898.00;1.09;0
36;industrial_complex;2076.00;11.70;898.00;4.11;0
36;industrial_complex;2099.00;13.20;880.00;0.49;0
36;industrial_complex;2104.00;13.23;879.00;3.15;0
36;industrial_complex;2087.00;10.15;883.00;5.82;0
36;industrial_complex;2094.00;10.57;872.00;2.55;0
36;industrial_complex;2087.00;10.65;872.00;5.22;0
36;air_base;2086.00;12.07;891.00;1.60;0
36;supply_node;2107.00;9.73;873.00;5.74;0
36;supply_node;2081.00;11.28;893.00;0.93;0
36;supply_node;2089.00;10.30;882.00;3.87;0
36;supply_node;2083.00;10.78;870.00;1.63;0
36;naval_base;2090.00;10.30;868.00;1.47;18517
36;naval_base;2112.00;9.60;861.00;0.54;18517
36;naval_base;2091.00;10.53;892.00;-4.19;18090
36;naval_base;2095.00;10.23;874.00;0.79;18517
36;bunker;2083.00;10.78;900.00;0.05;0
36;bunker;2115.00;10.48;863.00;4.17;0
36;bunker;2077.00;11.10;864.00;0.56;0
36;bunker;2084.00;10.20;885.00;3.22;0
36;coastal_bunker;2106.00;9.68;873.00;0.54;0
36;coastal_bunker;2096.00;11.53;888.00;-3.85;0
36;coastal_bunker;2092.00;10.50;870.00;1.47;0
36;coastal_bunker;2088.00;10.65;897.00;-4.19;0
36;dockyard;2099.00;9.68;875.00;0.54;0
36;anti_air_building;2110.00;10.75;873.00;1.07;0
36;anti_air_building;2079.00;10.75;893.00;2.27;0
36;anti_air_building;2086.00;10.53;867.00;5.29;0
36;synthetic_refinery;2078.00;11.00;867.00;3.13;0
36;fuel_silo;2093.00;10.78;878.00;4.34;0
36;rocket_site;2084.00;10.48;875.00;3.74;0
36;nuclear_reactor;2101.00;12.73;884.00;0.12;0
36;floating_harbor;2099.97;9.50;868.30;-1.67;16273
25;arms_factory;2037.00;10.30;867.00;2.92;0
25;arms_factory;2015.00;12.90;878.00;5.59;0
25;arms_factory;2024.00;12.15;894.00;3.43;0
25;arms_factory;2010.00;11.12;891.00;3.53;0
25;arms_factory;2035.00;12.28;892.00;1.37;0
25;arms_factory;2010.00;11.12;888.00;4.03;0
25;industrial_complex;2012.00;12.68;884.00;0.41;0
25;industrial_complex;2038.00;10.30;869.00;1.97;0
25;industrial_complex;2021.00;10.40;879.00;6.10;0
25;industrial_complex;2015.00;13.90;874.00;2.48;0
25;industrial_complex;2009.00;11.38;892.00;5.15;0
25;industrial_complex;2033.00;13.28;894.00;1.88;0
25;air_base;2045.00;10.30;875.00;3.09;0
25;supply_node;2016.00;11.30;890.00;1.21;0
25;supply_node;2036.00;10.30;873.00;4.14;0
25;supply_node;2033.00;11.73;889.00;0.44;0
25;supply_node;2019.00;10.43;876.00;3.38;0
25;bunker;2009.00;11.20;893.00;5.65;0
25;bunker;2028.00;10.43;878.00;0.93;0
25;bunker;2035.00;10.65;881.00;3.60;0
25;bunker;2040.00;10.45;883.00;1.44;0
25;anti_air_building;2012.00;12.40;882.00;4.10;0
25;anti_air_building;2033.00;10.40;866.00;5.66;0
25;anti_air_building;2018.00;10.48;877.00;2.04;0
25;synthetic_refinery;2034.00;11.20;884.00;6.16;0
25;fuel_silo;2023.00;11.03;890.00;1.09;0
25;rocket_site;2043.00;10.30;873.00;0.49;0
25;nuclear_reactor;2018.00;10.62;883.00;3.15;0
30;arms_factory;2068.00;11.85;841.00;4.10;0
30;arms_factory;2069.00;11.90;846.00;5.66;0
30;arms_factory;2084.00;10.88;840.00;2.04;0
30;arms_factory;2072.00;11.50;852.00;6.16;0
30;arms_factory;2096.00;10.53;844.00;1.09;0
30;arms_factory;2087.00;11.23;855.00;4.11;0
30;industrial_complex;2092.00;12.73;847.00;0.49;0
30;industrial_complex;2070.00;12.75;827.00;3.15;0
30;industrial_complex;2069.00;10.23;835.00;5.82;0
30;industrial_complex;2064.00;10.30;837.00;2.55;0
30;industrial_complex;2069.00;11.38;849.00;5.22;0
30;industrial_complex;2076.00;12.20;854.00;1.60;0
30;air_base;2077.00;11.65;857.00;4.62;0
30;supply_node;2099.00;10.80;848.00;0.93;0
30;supply_node;2088.00;11.10;854.00;3.87;0
30;supply_node;2070.00;10.15;834.00;1.63;0
30;supply_node;2073.00;11.68;850.00;3.10;0
30;supply_node;2086.00;11.00;841.00;6.04;0
30;naval_base;2105.00;10.00;850.00;-4.39;18517
30;naval_base;2090.00;10.10;863.00;-3.93;18517
30;naval_base;2090.00;9.50;837.00;0.59;18960
30;naval_base;2079.00;10.23;837.00;-4.47;18960
30;bunker;2094.00;11.10;844.00;0.56;0
30;bunker;2097.00;10.98;850.00;3.22;0
30;bunker;2069.00;12.15;842.00;4.78;0
30;bunker;2066.00;11.25;840.00;2.62;0
30;bunker;2090.00;12.98;849.00;3.83;0
30;coastal_bunker;2087.00;10.15;838.00;0.59;0
30;coastal_bunker;2098.00;9.50;842.00;-4.39;0
30;coastal_bunker;2091.00;10.10;861.00;-3.93;0
30;coastal_bunker;2078.00;9.82;836.00;-4.47;0
30;dockyard;2104.00;10.03;847.00;-4.39;0
30;anti_air_building;2088.00;13.73;849.00;3.13;0
30;anti_air_building;2098.00;10.78;846.00;4.34;0
30;anti_air_building;2086.00;11.30;856.00;2.18;0
30;synthetic_refinery;2089.00;10.12;863.00;3.74;0
30;fuel_silo;2073.00;10.93;829.00;0.12;0
30;rocket_site;2079.00;13.73;848.00;0.62;0
30;nuclear_reactor;2085.00;13.82;849.00;0.73;0
30;floating_harbor;2091.88;9.50;832.18;-2.55;16354
38;arms_factory;2050.00;10.40;861.00;2.11;0
38;arms_factory;2065.00;11.57;857.00;4.78;0
38;arms_factory;2058.00;11.55;848.00;0.05;0
38;arms_factory;2051.00;11.18;853.00;4.17;0
38;arms_factory;2049.00;10.40;866.00;0.56;0
38;arms_factory;2056.00;11.50;848.00;3.22;0
38;industrial_complex;2041.00;10.45;861.00;4.78;0
38;industrial_complex;2056.00;10.40;857.00;2.62;0
38;industrial_complex;2059.00;10.45;862.00;3.83;0
38;industrial_complex;2062.00;11.38;852.00;0.56;0
38;industrial_complex;2054.00;10.40;857.00;3.23;0
38;industrial_complex;2063.00;11.45;847.00;1.07;0
38;air_base;2045.00;10.45;860.00;2.27;0
38;supply_node;2059.00;10.48;854.00;6.23;0
38;supply_node;2048.00;10.40;863.00;2.88;0
38;bunker;2043.00;10.48;860.00;4.34;0
38;bunker;2056.00;10.40;861.00;2.18;0
38;anti_air_building;2063.00;10.90;861.00;3.74;0
38;anti_air_building;2051.00;11.25;852.00;0.12;0
38;anti_air_building;2051.00;10.40;865.00;2.78;0
38;synthetic_refinery;2060.00;11.40;846.00;0.62;0
38;fuel_silo;2046.00;10.48;859.00;0.73;0
38;rocket_site;2055.00;10.40;861.00;1.23;0
38;nuclear_reactor;2066.00;11.43;851.00;2.79;0
26;arms_factory;2021.00;13.30;847.00;5.65;0
26;arms_factory;2031.00;12.28;840.00;0.93;0
26;arms_factory;2037.00;11.73;854.00;3.60;0
26;arms_factory;2011.00;11.38;847.00;1.44;0
26;arms_factory;2016.00;13.48;856.00;4.10;0
26;arms_factory;2012.00;13.95;863.00;5.66;0
26;industrial_complex;2027.00;14.60;847.00;2.04;0
26;industrial_complex;2014.00;12.30;871.00;6.16;0
26;industrial_complex;2035.00;12.53;849.00;1.09;0
26;industrial_complex;2014.00;12.90;849.00;4.11;0
26;industrial_complex;2038.00;11.28;855.00;0.49;0
26;industrial_complex;2004.00;14.23;864.00;3.15;0
26;air_base;2022.00;12.35;842.00;5.82;0
26;supply_node;2036.00;13.05;851.00;3.56;0
26;supply_node;2022.00;14.85;859.00;0.22;0
26;supply_node;2009.00;13.50;863.00;1.70;0
26;supply_node;2022.00;12.35;842.00;5.74;0
26;bunker;2011.00;12.05;853.00;1.00;0
26;bunker;2019.00;14.60;853.00;3.66;0
26;bunker;2031.00;12.55;850.00;0.04;0
26;bunker;2014.00;12.65;844.00;3.07;0
26;anti_air_building;2025.00;13.12;859.00;4.27;0
26;anti_air_building;2041.00;12.73;850.00;2.11;0
26;anti_air_building;2013.00;13.48;854.00;4.78;0
26;synthetic_refinery;2013.00;11.60;843.00;0.05;0
26;fuel_silo;2014.00;12.93;865.00;4.17;0
26;rocket_site;2037.00;10.70;858.00;3.22;0
26;nuclear_reactor;2026.00;14.57;851.00;4.78;0
2;arms_factory;1969.00;11.00;810.00;2.34;0
2;arms_factory;1995.00;11.38;815.00;5.36;0
2;arms_factory;2006.00;12.03;816.00;0.28;0
2;arms_factory;2007.00;10.25;791.00;4.40;0
2;arms_factory;2005.00;11.40;835.00;2.24;0
2;arms_factory;2011.00;11.45;830.00;2.34;0
2;industrial_complex;2005.00;10.62;804.00;0.18;0
2;industrial_complex;1984.00;10.28;816.00;2.85;0
2;industrial_complex;1995.00;11.30;819.00;5.52;0
2;industrial_complex;2005.00;11.28;823.00;0.79;0
2;industrial_complex;2003.00;10.70;793.00;4.91;0
2;industrial_complex;1973.00;10.62;800.00;1.29;0
2;air_base;1998.00;10.95;811.00;2.86;0
2;supply_node;2004.00;10.35;794.00;0.48;0
2;supply_node;2007.00;11.62;820.00;3.42;0
2;supply_node;1994.00;11.28;813.00;1.17;0
2;supply_node;2003.00;12.07;834.00;2.65;0
2;supply_node;1987.00;10.43;801.00;5.59;0
2;naval_base;1983.00;9.50;814.00;-0.54;18178
2;naval_base;1992.00;10.20;822.00;-3.04;18959
2;naval_base;1993.00;9.70;835.00;-0.98;18959
2;naval_base;2000.00;9.55;794.00;-1.93;18178
2;naval_base;1987.00;10.28;802.00;-1.57;18178
2;naval_base;2000.00;9.50;824.00;-1.93;18959
2;bunker;1982.00;10.12;819.00;0.86;0
2;bunker;1989.00;12.12;818.00;4.98;0
2;bunker;1988.00;10.32;803.00;0.26;0
2;bunker;2008.00;11.45;818.00;2.92;0
2;bunker;2004.00;11.95;834.00;5.59;0
2;bunker;2004.00;10.35;797.00;3.43;0
2;coastal_bunker;1998.00;10.88;822.00;-1.93;0
2;coastal_bunker;2002.00;9.55;790.00;0.24;0
2;coastal_bunker;1974.00;10.25;814.00;-3.36;0
2;coastal_bunker;1997.00;10.30;833.00;-0.98;0
2;coastal_bunker;1986.00;9.50;801.00;-1.57;0
2;coastal_bunker;1992.00;10.20;822.00;-3.04;0
2;dockyard;1983.00;10.20;823.00;-3.36;0
2;anti_air_building;2007.00;11.70;818.00;5.15;0
2;anti_air_building;2006.00;10.10;787.00;1.88;0
2;anti_air_building;2005.00;11.57;837.00;3.09;0
2;synthetic_refinery;1997.00;11.50;807.00;0.92;0
2;fuel_silo;2002.00;10.68;801.00;3.59;0
2;rocket_site;1998.00;10.62;818.00;1.53;0
2;nuclear_reactor;2008.00;11.45;822.00;5.65;0
2;floating_harbor;1961.00;9.50;796.00;-4.52;17420
47;arms_factory;1982.00;11.88;761.00;3.29;0
47;arms_factory;1961.00;10.98;767.00;5.96;0
47;arms_factory;1979.00;11.43;769.00;1.24;0
47;arms_factory;1971.00;12.00;768.00;5.36;0
47;arms_factory;1962.00;10.60;775.00;1.74;0
47;arms_factory;1986.00;11.10;761.00;4.40;0
47;industrial_complex;1971.00;11.57;767.00;5.96;0
47;industrial_complex;1982.00;11.15;765.00;3.81;0
47;industrial_complex;1976.00;11.10;768.00;5.01;0
47;industrial_complex;1971.00;11.25;775.00;2.85;0
47;industrial_complex;1965.00;10.50;773.00;4.41;0
47;industrial_complex;1975.00;12.12;767.00;0.79;0
47;air_base;1969.00;10.48;766.00;4.91;0
47;supply_node;1975.00;10.12;784.00;1.43;0
47;supply_node;1972.00;12.23;769.00;4.01;0
47;supply_node;1979.00;10.85;779.00;0.67;0
47;naval_base;1980.00;11.53;769.00;1.57;18621
47;naval_base;1975.00;10.55;787.00;-3.14;18178
47;naval_base;1979.00;10.10;781.00;-3.14;18178
47;bunker;1975.00;10.50;770.00;3.97;0
47;bunker;1976.00;11.57;784.00;1.81;0
47;bunker;1979.00;10.85;779.00;1.91;0
47;coastal_bunker;1975.00;10.38;772.00;1.57;0
47;coastal_bunker;1973.00;9.50;787.00;-3.14;0
47;coastal_bunker;1979.00;9.70;778.00;0.00;0
47;dockyard;1971.00;9.60;760.00;-0.67;0
47;anti_air_building;1975.00;11.60;764.00;4.48;0
47;anti_air_building;1970.00;10.28;763.00;0.86;0
47;anti_air_building;1969.00;11.10;768.00;3.52;0
47;synthetic_refinery;1968.00;12.07;771.00;0.26;0
47;fuel_silo;1975.00;11.03;769.00;1.47;0
47;rocket_site;1974.00;10.82;763.00;0.87;0
47;nuclear_reactor;1973.00;12.03;768.00;3.53;0
47;floating_harbor;2003.00;9.50;767.00;-2.00;17427
48;arms_factory;1986.00;11.65;741.00;4.40;0
48;arms_factory;1995.00;10.12;736.00;5.96;0
48;arms_factory;1991.00;10.70;737.00;3.81;0
48;arms_factory;1994.00;10.12;738.00;5.01;0
48;arms_factory;1992.00;10.60;731.00;2.85;0
48;arms_factory;1990.00;10.95;733.00;4.41;0
48;industrial_complex;1981.00;10.62;740.00;0.79;0
48;industrial_complex;1989.00;10.45;740.00;4.91;0
48;industrial_complex;1982.00;11.18;741.00;1.30;0
48;industrial_complex;1988.00;11.45;737.00;2.86;0
48;industrial_complex;1996.00;10.15;737.00;5.52;0
48;industrial_complex;1981.00;11.10;743.00;3.36;0
48;air_base;1992.00;10.90;732.00;3.46;0
48;supply_node;1988.00;11.43;738.00;2.84;0
48;naval_base;1996.00;10.12;736.00;0.00;17735
48;bunker;1993.00;10.20;740.00;1.81;0
48;coastal_bunker;1994.00;10.18;734.00;0.00;0
48;dockyard;2000.00;9.70;736.00;0.00;0
48;anti_air_building;1983.00;11.28;742.00;3.87;0
48;anti_air_building;1981.00;11.03;744.00;5.08;0
48;anti_air_building;1992.00;10.60;731.00;1.82;0
48;synthetic_refinery;1988.00;11.28;739.00;4.48;0
48;fuel_silo;1982.00;10.98;740.00;0.86;0
48;rocket_site;1992.00;10.62;736.00;0.26;0
48;nuclear_reactor;1989.00;11.40;737.00;1.47;0
48;floating_harbor;1988.00;9.50;730.00;-3.14;17442
27;arms_factory;2039.00;12.98;809.00;4.62;0
27;arms_factory;2029.00;10.32;790.00;1.00;0
27;arms_factory;2028.00;13.18;811.00;3.66;0
27;arms_factory;2031.00;10.50;793.00;0.04;0
27;arms_factory;2025.00;12.28;809.00;3.07;0
27;arms_factory;2040.00;10.73;794.00;4.27;0
27;industrial_complex;2025.00;11.00;791.00;2.11;0
27;industrial_complex;2045.00;13.75;811.00;4.78;0
27;industrial_complex;2021.00;11.82;818.00;0.05;0
27;industrial_complex;2026.00;13.03;810.00;4.17;0
27;industrial_complex;2033.00;10.85;795.00;0.56;0
27;industrial_complex;2019.00;11.12;813.00;3.22;0
27;air_base;2039.00;12.28;812.00;4.78;0
27;supply_node;2022.00;10.88;827.00;3.34;0
27;supply_node;2031.00;11.10;795.00;4.82;0
27;supply_node;2038.00;12.35;812.00;2.58;0
27;supply_node;2017.00;10.30;805.00;4.05;0
27;naval_base;2033.00;9.80;788.00;-0.46;18621
27;naval_base;2016.00;9.62;792.00;0.00;18621
27;bunker;2042.00;11.80;814.00;5.29;0
27;bunker;2022.00;10.55;791.00;3.13;0
27;bunker;2016.00;10.18;804.00;4.34;0
27;bunker;2020.00;11.43;831.00;2.18;0
27;coastal_bunker;2025.00;9.50;784.00;-0.46;0
27;coastal_bunker;2017.00;9.53;791.00;0.00;0
27;dockyard;2038.00;9.75;789.00;-0.46;0
27;anti_air_building;2045.00;13.32;816.00;0.62;0
27;anti_air_building;2044.00;12.30;798.00;0.73;0
27;anti_air_building;2023.00;13.82;821.00;4.85;0
27;synthetic_refinery;2027.00;10.48;800.00;1.23;0
27;fuel_silo;2017.00;11.45;796.00;2.79;0
27;rocket_site;2030.00;12.88;827.00;3.29;0
27;nuclear_reactor;2033.00;12.50;819.00;5.96;0
27;floating_harbor;2017.00;9.50;785.00;-3.14;10762
28;arms_factory;2078.00;11.10;819.00;4.27;0
28;arms_factory;2054.00;12.10;799.00;2.11;0
28;arms_factory;2057.00;13.25;824.00;4.78;0
28;arms_factory;2073.00;11.45;810.00;0.05;0
28;arms_factory;2063.00;12.55;803.00;4.17;0
28;arms_factory;2061.00;13.75;812.00;0.56;0
28;industrial_complex;2072.00;12.07;809.00;3.22;0
28;industrial_complex;2058.00;12.03;827.00;4.78;0
28;industrial_complex;2075.00;13.07;813.00;2.62;0
28;industrial_complex;2056.00;12.43;797.00;3.83;0
28;industrial_complex;2060.00;15.15;816.00;0.56;0
28;industrial_complex;2067.00;15.68;813.00;3.23;0
28;air_base;2071.00;12.50;801.00;1.07;0
28;supply_node;2054.00;11.62;802.00;4.75;0
28;supply_node;2073.00;12.57;815.00;6.23;0
28;supply_node;2059.00;14.28;821.00;2.88;0
28;supply_node;2066.00;11.65;801.00;5.47;0
28;naval_base;2075.00;10.45;795.00;0.52;18552
28;naval_base;2046.00;9.55;793.00;-0.12;18552
28;bunker;2056.00;12.38;806.00;0.12;0
28;bunker;2054.00;13.80;819.00;2.78;0
28;bunker;2072.00;12.05;821.00;0.62;0
28;bunker;2066.00;11.73;800.00;0.73;0
28;coastal_bunker;2054.00;9.80;795.00;-0.12;0
28;coastal_bunker;2073.00;9.65;794.00;0.52;0
28;dockyard;2075.00;10.78;796.00;0.52;0
28;anti_air_building;2058.00;15.70;817.00;5.45;0
28;anti_air_building;2060.00;12.18;803.00;3.29;0
28;anti_air_building;2069.00;13.82;802.00;5.96;0
28;synthetic_refinery;2075.00;12.73;816.00;1.24;0
28;fuel_silo;2061.00;11.48;806.00;5.36;0
28;rocket_site;2053.00;13.78;809.00;4.40;0
28;nuclear_reactor;2066.00;12.62;805.00;5.96;0
28;floating_harbor;2073.47;9.50;787.92;-2.62;16447
29;arms_factory;2052.00;11.32;839.00;4.17;0
29;arms_factory;2053.00;10.50;835.00;0.56;0
29;arms_factory;2041.00;12.90;834.00;3.22;0
29;arms_factory;2054.00;11.88;832.00;4.78;0
29;arms_factory;2041.00;13.80;829.00;2.62;0
29;arms_factory;2059.00;10.35;837.00;3.83;0
29;industrial_complex;2042.00;14.18;826.00;0.56;0
29;industrial_complex;2050.00;10.75;835.00;3.23;0
29;industrial_complex;2049.00;12.25;830.00;1.07;0
29;industrial_complex;2043.00;11.78;835.00;2.27;0
29;industrial_complex;2039.00;13.60;829.00;5.29;0
29;industrial_complex;2044.00;14.10;824.00;3.13;0
29;air_base;2040.00;13.93;826.00;4.34;0
29;supply_node;2043.00;13.82;825.00;2.12;0
29;supply_node;2052.00;10.80;836.00;3.59;0
29;supply_node;2038.00;13.18;837.00;1.35;0
29;bunker;2049.00;12.82;841.00;2.78;0
29;bunker;2046.00;12.32;830.00;0.62;0
29;bunker;2036.00;13.82;832.00;0.73;0
29;anti_air_building;2037.00;13.53;841.00;4.85;0
29;anti_air_building;2039.00;13.60;832.00;1.23;0
29;anti_air_building;2053.00;11.00;839.00;2.79;0
29;synthetic_refinery;2060.00;11.38;840.00;5.45;0
29;fuel_silo;2059.00;10.43;836.00;3.29;0
29;rocket_site;2051.00;10.80;834.00;1.24;0
29;nuclear_reactor;2042.00;12.95;831.00;5.36;0
31;arms_factory;2084.00;10.85;829.00;3.23;0
31;arms_factory;2087.00;13.03;807.00;1.07;0
31;arms_factory;2086.00;11.65;798.00;2.27;0
31;arms_factory;2097.00;11.18;821.00;5.29;0
31;arms_factory;2093.00;11.43;805.00;3.13;0
31;arms_factory;2104.00;10.90;824.00;4.34;0
31;industrial_complex;2090.00;13.35;808.00;2.18;0
31;industrial_complex;2089.00;10.78;817.00;3.74;0
31;industrial_complex;2090.00;15.75;810.00;0.12;0
31;industrial_complex;2087.00;10.90;819.00;2.78;0
31;industrial_complex;2082.00;11.07;829.00;0.62;0
31;industrial_complex;2083.00;11.48;823.00;0.73;0
31;air_base;2080.00;10.25;831.00;4.85;0
31;supply_node;2101.00;11.05;825.00;1.66;0
31;supply_node;2093.00;12.25;810.00;4.59;0
31;supply_node;2084.00;12.35;826.00;0.89;0
31;supply_node;2082.00;12.12;803.00;3.83;0
31;naval_base;2084.00;10.57;798.00;0.32;18552
31;naval_base;2103.00;10.48;830.00;-3.52;18960
31;naval_base;2093.00;10.80;830.00;-3.31;18960
31;naval_base;2093.00;10.00;800.00;0.15;18552
31;bunker;2081.00;11.55;823.00;4.40;0
31;bunker;2100.00;10.48;811.00;5.96;0
31;bunker;2084.00;11.23;805.00;3.81;0
31;bunker;2102.00;11.15;824.00;5.01;0
31;coastal_bunker;2080.00;9.80;801.00;0.32;0
31;coastal_bunker;2105.00;10.48;830.00;-3.52;0
31;coastal_bunker;2093.00;10.80;830.00;-3.31;0
31;coastal_bunker;2094.00;9.75;799.00;0.15;0
31;dockyard;2093.00;10.00;800.00;0.15;0
31;anti_air_building;2099.00;10.43;811.00;2.86;0
31;anti_air_building;2079.00;11.55;823.00;5.52;0
31;anti_air_building;2090.00;10.35;830.00;3.36;0
31;synthetic_refinery;2093.00;11.62;824.00;3.46;0
31;fuel_silo;2087.00;12.07;801.00;1.31;0
31;rocket_site;2090.00;12.30;803.00;1.81;0
31;nuclear_reactor;2105.00;10.95;826.00;1.91;0
31;floating_harbor;2086.21;9.50;790.36;-2.82;16443
32;arms_factory;2111.00;10.30;814.00;5.29;0
32;arms_factory;2126.00;11.20;813.00;3.13;0
32;arms_factory;2105.00;10.53;810.00;4.34;0
32;arms_factory;2123.00;10.62;808.00;2.18;0
32;arms_factory;2111.00;10.30;809.00;3.74;0
32;arms_factory;2125.00;10.35;803.00;0.12;0
32;industrial_complex;2130.00;12.38;793.00;2.78;0
32;industrial_complex;2118.00;10.73;803.00;0.62;0
32;industrial_complex;2105.00;10.55;807.00;0.73;0
32;industrial_complex;2124.00;10.60;825.00;4.85;0
32;industrial_complex;2113.00;10.32;806.00;1.23;0
32;industrial_complex;2123.00;10.82;823.00;2.79;0
32;air_base;2105.00;12.65;802.00;5.45;0
32;supply_node;2119.00;11.53;793.00;3.83;0
32;supply_node;2114.00;10.85;817.00;5.31;0
32;supply_node;2126.00;10.70;805.00;3.07;0
32;supply_node;2107.00;11.85;800.00;6.00;0
32;naval_base;2124.00;9.73;789.00;-0.32;18552
32;naval_base;2110.00;10.57;792.00;-0.22;18552
32;naval_base;2119.00;9.55;827.00;-4.07;18960
32;naval_base;2131.00;11.28;815.00;-3.49;18960
32;bunker;2120.00;11.07;799.00;5.01;0
32;bunker;2119.00;10.57;816.00;2.85;0
32;bunker;2102.00;12.30;803.00;4.41;0
32;bunker;2128.00;11.38;812.00;0.79;0
32;coastal_bunker;2117.00;10.05;791.00;-0.32;0
32;coastal_bunker;2112.00;10.12;825.00;-4.07;0
32;coastal_bunker;2104.00;10.03;791.00;-0.22;0
32;coastal_bunker;2132.00;11.10;815.00;-3.49;0
32;dockyard;2125.00;10.73;825.00;-4.07;0
32;anti_air_building;2122.00;11.12;819.00;3.46;0
32;anti_air_building;2102.00;13.23;801.00;1.31;0
32;anti_air_building;2115.00;11.25;819.00;3.97;0
32;synthetic_refinery;2100.00;12.28;796.00;1.81;0
32;fuel_silo;2122.00;10.50;816.00;1.91;0
32;rocket_site;2113.00;10.35;813.00;3.87;0
32;nuclear_reactor;2131.00;10.30;811.00;5.08;0
32;floating_harbor;2103.48;9.50;784.17;-3.36;16448
32;floating_harbor;2127.60;9.50;827.20;-0.93;5471
33;arms_factory;2135.00;10.82;813.00;3.74;0
33;arms_factory;2148.00;11.70;797.00;0.12;0
33;arms_factory;2137.00;12.43;787.00;2.78;0
33;arms_factory;2135.00;10.85;799.00;0.62;0
33;arms_factory;2147.00;10.12;814.00;0.73;0
33;arms_factory;2143.00;11.50;794.00;4.85;0
33;industrial_complex;2137.00;10.90;805.00;1.23;0
33;industrial_complex;2132.00;10.90;799.00;2.79;0
33;industrial_complex;2136.00;11.82;811.00;5.45;0
33;industrial_complex;2141.00;11.30;794.00;3.29;0
33;industrial_complex;2146.00;11.30;799.00;5.96;0
33;industrial_complex;2134.00;11.98;794.00;1.24;0
33;air_base;2146.00;10.30;810.00;5.36;0
33;supply_node;2143.00;10.65;809.00;1.20;0
33;supply_node;2144.00;11.75;795.00;5.24;0
33;supply_node;2134.00;12.07;789.00;0.43;0
33;naval_base;2149.00;10.23;809.00;-4.59;17805
33;naval_base;2145.00;10.50;784.00;0.08;17730
33;naval_base;2142.00;9.85;781.00;0.79;17730
33;bunker;2141.00;11.15;787.00;4.41;0
33;bunker;2150.00;10.38;807.00;0.79;0
33;bunker;2138.00;11.03;802.00;4.91;0
33;coastal_bunker;2150.00;10.15;813.00;-4.59;0
33;coastal_bunker;2145.00;10.05;783.00;0.08;0
33;coastal_bunker;2126.00;9.50;787.00;-1.45;0
33;dockyard;2139.00;10.80;816.00;-2.74;0
33;anti_air_building;2143.00;11.78;796.00;3.46;0
33;anti_air_building;2142.00;11.05;785.00;1.31;0
33;anti_air_building;2139.00;11.65;794.00;3.97;0
33;synthetic_refinery;2141.00;11.25;813.00;1.81;0
33;fuel_silo;2146.00;11.23;792.00;1.91;0
33;rocket_site;2137.00;11.35;791.00;3.87;0
33;nuclear_reactor;2139.00;10.68;809.00;5.08;0
33;floating_harbor;2119.05;9.50;787.13;-4.59;16477
35;arms_factory;2170.00;11.23;803.00;2.79;0
35;arms_factory;2167.00;10.75;785.00;5.45;0
35;arms_factory;2177.00;10.32;765.00;3.29;0
35;arms_factory;2172.00;10.35;776.00;5.96;0
35;arms_factory;2167.00;11.18;801.00;1.24;0
35;arms_factory;2164.00;10.70;775.00;5.36;0
35;industrial_complex;2175.00;10.32;783.00;1.74;0
35;industrial_complex;2162.00;10.65;787.00;4.40;0
35;industrial_complex;2160.00;11.90;798.00;5.96;0
35;industrial_complex;2174.00;10.25;799.00;3.81;0
35;industrial_complex;2159.00;12.55;796.00;5.01;0
35;industrial_complex;2158.00;10.40;787.00;2.85;0
35;air_base;2163.00;10.65;806.00;4.41;0
35;supply_node;2172.00;10.38;775.00;1.84;0
35;supply_node;2170.00;10.48;798.00;4.78;0
35;supply_node;2159.00;10.88;804.00;1.43;0
35;supply_node;2161.00;10.95;793.00;4.01;0
35;supply_node;2155.00;10.55;783.00;0.67;0
35;supply_node;2186.00;9.55;766.00;2.15;0
35;naval_base;2151.00;9.80;785.00;-0.59;17730
35;naval_base;2173.00;10.18;793.00;-4.39;17805
35;naval_base;2182.00;10.32;764.00;0.93;17805
35;naval_base;2159.00;10.25;807.00;-3.46;17805
35;naval_base;2186.00;9.55;768.00;-1.57;17805
35;bunker;2160.00;10.88;792.00;6.03;0
35;bunker;2153.00;10.45;788.00;3.87;0
35;bunker;2176.00;10.23;767.00;5.08;0
35;bunker;2174.00;10.25;799.00;1.82;0
35;bunker;2163.00;10.65;806.00;4.48;0
35;bunker;2186.00;9.57;765.00;0.86;0
35;coastal_bunker;2159.00;9.50;777.00;-0.59;0
35;coastal_bunker;2176.00;9.88;765.00;0.93;0
35;coastal_bunker;2176.00;9.55;797.00;-4.39;0
35;coastal_bunker;2158.00;10.12;808.00;-3.46;0
35;coastal_bunker;2187.00;9.88;766.00;-1.57;0
35;dockyard;2186.00;9.57;764.00;-1.57;0
35;anti_air_building;2156.00;12.60;798.00;1.37;0
35;anti_air_building;2175.00;10.68;773.00;4.03;0
35;anti_air_building;2175.00;10.25;781.00;0.77;0
35;synthetic_refinery;2153.00;10.30;787.00;1.98;0
35;fuel_silo;2161.00;11.68;796.00;6.10;0
35;rocket_site;2176.00;10.73;772.00;4.04;0
35;nuclear_reactor;2157.00;10.35;785.00;0.42;0
35;floating_harbor;2193.00;9.50;759.00;-2.36;17430
35;floating_harbor;2193.00;9.50;759.00;-2.22;3073
41;arms_factory;2175.00;10.45;818.00;4.91;0
41;arms_factory;2192.00;11.05;798.00;1.30;0
41;arms_factory;2183.00;10.75;807.00;2.86;0
41;arms_factory;2120.00;11.43;846.00;5.52;0
41;arms_factory;2158.00;11.57;827.00;3.36;0
41;arms_factory;2148.00;12.38;836.00;3.46;0
41;industrial_complex;2125.00;11.05;839.00;1.31;0
41;industrial_complex;2175.00;11.00;813.00;3.97;0
41;industrial_complex;2152.00;11.28;830.00;1.81;0
41;industrial_complex;2201.00;12.68;797.00;1.91;0
41;industrial_complex;2103.00;10.78;839.00;6.03;0
41;industrial_complex;2119.00;11.20;845.00;3.87;0
41;air_base;2143.00;11.57;831.00;5.08;0
41;supply_node;2113.00;11.15;843.00;2.38;0
41;supply_node;2192.00;11.12;800.00;4.96;0
41;supply_node;2161.00;11.65;824.00;1.62;0
41;supply_node;2125.00;11.73;842.00;3.10;0
41;supply_node;2138.00;10.75;833.00;0.85;0
41;naval_base;2180.00;10.45;827.00;-3.99;17588
41;naval_base;2207.00;10.78;798.00;-4.07;18354
41;naval_base;2115.00;10.23;851.00;-2.36;18517
41;naval_base;2136.00;9.50;827.00;-0.54;18960
41;naval_base;2129.00;10.55;846.00;-3.61;18517
41;bunker;2134.00;12.45;831.00;4.03;0
41;bunker;2144.00;10.45;826.00;0.77;0
41;bunker;2182.00;10.50;810.00;1.98;0
41;bunker;2121.00;12.03;842.00;6.10;0
41;bunker;2124.00;12.20;843.00;2.48;0
41;coastal_bunker;2102.00;11.05;839.00;-2.36;0
41;coastal_bunker;2204.00;9.98;803.00;-4.07;0
41;coastal_bunker;2170.00;9.60;816.00;0.29;0
41;coastal_bunker;2140.00;10.28;839.00;-3.73;0
41;coastal_bunker;2131.00;10.20;844.00;-3.61;0
41;dockyard;2125.00;10.43;851.00;-3.61;0
41;anti_air_building;2116.00;11.90;841.00;1.53;0
41;anti_air_building;2163.00;10.88;819.00;4.55;0
41;anti_air_building;2136.00;10.93;833.00;0.94;0
41;synthetic_refinery;2148.00;11.98;833.00;3.60;0
41;fuel_silo;2116.00;10.57;848.00;6.26;0
41;rocket_site;2149.00;10.55;821.00;4.20;0
41;nuclear_reactor;2173.00;10.48;823.00;2.05;0
41;floating_harbor;2131.40;9.50;822.00;-3.68;16363
41;floating_harbor;2103.05;9.50;833.05;-3.93;2933
34;arms_factory;2130.00;11.15;780.00;3.29;0
34;arms_factory;2116.00;11.82;775.00;5.96;0
34;arms_factory;2122.00;12.28;778.00;1.24;0
34;arms_factory;2135.00;10.43;780.00;5.36;0
34;arms_factory;2122.00;11.57;775.00;1.74;0
34;arms_factory;2128.00;12.07;778.00;4.40;0
34;industrial_complex;2117.00;10.35;768.00;5.96;0
34;industrial_complex;2117.00;12.48;776.00;3.81;0
34;industrial_complex;2134.00;10.78;778.00;5.01;0
34;industrial_complex;2117.00;10.28;770.00;2.85;0
34;industrial_complex;2112.00;10.68;777.00;4.41;0
34;industrial_complex;2128.00;11.23;780.00;0.79;0
34;air_base;2122.00;10.45;771.00;4.91;0
34;supply_node;2116.00;9.73;773.00;1.43;0
34;supply_node;2128.00;12.07;778.00;4.01;0
34;supply_node;2145.00;9.95;775.00;0.67;0
34;naval_base;2115.00;10.68;780.00;-2.36;18552
34;naval_base;2126.00;10.62;773.00;1.19;17730
34;naval_base;2147.00;10.32;774.00;-3.14;17730
34;bunker;2120.00;11.98;777.00;3.97;0
34;bunker;2121.00;10.62;772.00;1.81;0
34;bunker;2146.00;10.05;778.00;1.91;0
34;coastal_bunker;2137.00;9.57;778.00;1.19;0
34;coastal_bunker;2115.00;10.68;780.00;-2.36;0
34;coastal_bunker;2144.00;9.70;772.00;-3.14;0
34;dockyard;2141.00;9.85;780.00;1.19;0
34;anti_air_building;2119.00;10.62;772.00;4.48;0
34;anti_air_building;2115.00;11.38;778.00;0.86;0
34;anti_air_building;2130.00;11.48;779.00;3.52;0
34;synthetic_refinery;2118.00;10.53;773.00;0.26;0
34;fuel_silo;2114.00;10.93;779.00;1.47;0
34;rocket_site;2116.00;10.53;774.00;0.87;0
34;nuclear_reactor;2124.00;11.88;777.00;3.53;0
34;floating_harbor;2146.00;9.50;759.00;-3.08;17428
42;arms_factory;2113.00;11.43;751.00;1.31;0
42;arms_factory;2132.00;11.07;737.00;3.97;0
42;arms_factory;2109.00;10.15;748.00;1.81;0
42;arms_factory;2151.00;11.28;741.00;1.91;0
42;arms_factory;2118.00;12.57;753.00;6.03;0
42;arms_factory;2123.00;11.15;763.00;3.87;0
42;industrial_complex;2111.00;10.80;751.00;5.08;0
42;industrial_complex;2119.00;11.48;747.00;1.82;0
42;industrial_complex;2116.00;11.00;747.00;4.48;0
42;industrial_complex;2123.00;10.93;744.00;0.86;0
42;industrial_complex;2116.00;12.38;753.00;3.52;0
42;industrial_complex;2129.00;11.30;741.00;0.26;0
42;air_base;2136.00;10.50;734.00;1.47;0
42;supply_node;2138.00;11.28;741.00;5.27;0
42;supply_node;2112.00;11.35;754.00;3.03;0
42;supply_node;2124.00;10.98;744.00;4.51;0
42;supply_node;2124.00;11.48;759.00;1.16;0
42;supply_node;2148.00;11.60;740.00;5.20;0
42;supply_node;2134.00;10.35;731.00;0.40;0
42;supply_node;2149.00;10.75;760.00;3.33;0
42;supply_node;2153.00;10.90;731.00;5.92;0
42;supply_node;2134.00;9.98;722.00;2.57;0
42;naval_base;2133.00;11.75;747.00;-3.61;17730
42;naval_base;2122.00;10.32;764.00;-3.93;17730
42;naval_base;2156.00;9.88;732.00;0.00;18544
42;naval_base;2149.00;9.70;737.00;-4.39;17730
42;naval_base;2136.00;10.15;728.00;0.00;18544
42;naval_base;2146.00;9.53;762.00;-3.14;17730
42;naval_base;2134.00;9.50;721.00;-1.57;18544
42;naval_base;2125.00;9.62;737.00;-0.17;18544
42;naval_base;2118.00;10.38;765.00;-3.64;17730
42;bunker;2115.00;10.20;741.00;3.60;0
42;bunker;2128.00;11.12;751.00;6.26;0
42;bunker;2125.00;10.82;755.00;3.00;0
42;bunker;2134.00;11.48;740.00;4.20;0
42;bunker;2134.00;10.35;731.00;2.05;0
42;bunker;2149.00;10.75;760.00;4.71;0
42;bunker;2135.00;10.35;723.00;1.45;0
42;bunker;2155.00;10.62;733.00;4.11;0
42;bunker;2149.00;10.78;738.00;0.49;0
42;coastal_bunker;2157.00;9.98;733.00;0.00;0
42;coastal_bunker;2112.00;10.23;769.00;-3.08;0
42;coastal_bunker;2125.00;10.93;764.00;-3.93;0
42;coastal_bunker;2151.00;9.60;737.00;-4.39;0
42;coastal_bunker;2118.00;9.57;740.00;-0.17;0
42;coastal_bunker;2143.00;9.88;735.00;0.40;0
42;coastal_bunker;2132.00;9.50;735.00;0.00;0
42;coastal_bunker;2134.00;9.98;722.00;-1.57;0
42;coastal_bunker;2151.00;10.53;759.00;-3.14;0
42;dockyard;2144.00;9.50;747.00;-3.61;0
42;anti_air_building;2123.00;11.98;753.00;4.27;0
42;anti_air_building;2120.00;10.55;742.00;2.11;0
42;anti_air_building;2115.00;11.73;751.00;3.67;0
42;synthetic_refinery;2123.00;11.20;747.00;1.51;0
42;fuel_silo;2150.00;9.53;728.00;2.72;0
42;rocket_site;2137.00;12.07;739.00;2.12;0
42;nuclear_reactor;2117.00;10.53;742.00;4.78;0
42;floating_harbor;2154.00;9.50;700.00;-2.40;17449
46;arms_factory;2069.00;14.90;766.00;3.52;0
46;arms_factory;2084.00;13.30;761.00;0.26;0
46;arms_factory;2104.00;10.85;735.00;1.47;0
46;arms_factory;2086.00;13.30;768.00;5.59;0
46;arms_factory;2071.00;12.88;773.00;0.87;0
46;arms_factory;2097.00;12.48;731.00;3.53;0
46;industrial_complex;2101.00;11.48;754.00;1.37;0
46;industrial_complex;2099.00;10.65;749.00;4.03;0
46;industrial_complex;2079.00;12.68;735.00;0.77;0
46;industrial_complex;2080.00;12.80;756.00;1.98;0
46;industrial_complex;2093.00;11.73;746.00;6.10;0
46;industrial_complex;2083.00;13.60;774.00;2.48;0
46;air_base;2081.00;12.50;752.00;4.04;0
46;supply_node;2096.00;11.10;760.00;1.80;0
46;supply_node;2101.00;11.43;735.00;4.74;0
46;supply_node;2073.00;14.43;760.00;6.22;0
46;supply_node;2078.00;14.28;744.00;3.98;0
46;supply_node;2061.00;11.85;780.00;0.63;0
46;supply_node;2072.00;12.10;775.00;2.11;0
46;supply_node;2084.00;13.30;773.00;6.15;0
46;supply_node;2097.00;11.57;771.00;1.34;0
46;supply_node;2093.00;12.38;745.00;4.29;0
46;naval_base;2106.00;10.15;741.00;-4.55;18544
46;naval_base;2082.00;10.45;779.00;-3.31;18552
46;naval_base;2073.00;10.75;780.00;-3.14;18552
46;naval_base;2098.00;10.23;776.00;-3.93;18552
46;naval_base;2060.00;10.28;785.00;-3.39;18552
46;bunker;2065.00;13.18;764.00;1.45;0
46;bunker;2093.00;12.07;760.00;4.11;0
46;bunker;2096.00;12.00;771.00;0.49;0
46;bunker;2086.00;12.82;776.00;4.61;0
46;bunker;2088.00;12.03;737.00;4.72;0
46;bunker;2100.00;11.57;735.00;2.56;0
46;bunker;2072.00;13.18;771.00;5.22;0
46;bunker;2079.00;12.93;737.00;0.50;0
46;bunker;2062.00;12.00;779.00;3.16;0
46;coastal_bunker;2110.00;10.15;730.00;-4.55;0
46;coastal_bunker;2088.00;10.70;778.00;-3.31;0
46;coastal_bunker;2104.00;10.12;771.00;-3.93;0
46;coastal_bunker;2058.00;10.45;785.00;-3.39;0
46;coastal_bunker;2073.00;10.75;780.00;-3.14;0
46;dockyard;2097.00;10.23;776.00;-3.93;0
46;anti_air_building;2075.00;13.18;746.00;3.67;0
46;anti_air_building;2085.00;13.12;761.00;1.51;0
46;anti_air_building;2078.00;13.25;757.00;2.72;0
46;synthetic_refinery;2102.00;10.28;771.00;0.56;0
46;fuel_silo;2072.00;12.90;773.00;2.12;0
46;rocket_site;2092.00;12.32;764.00;1.16;0
46;nuclear_reactor;2100.00;10.48;749.00;5.29;0
46;floating_harbor;2104.95;9.50;778.95;-0.79;16500
46;floating_harbor;2113.90;9.50;737.15;-1.41;5362
45;arms_factory;2050.00;13.38;757.00;0.26;0
45;arms_factory;2024.00;10.30;746.00;1.47;0
45;arms_factory;2041.00;10.50;769.00;5.59;0
45;arms_factory;2023.00;10.38;754.00;0.87;0
45;arms_factory;2053.00;12.15;749.00;3.53;0
45;arms_factory;2061.00;12.88;756.00;1.37;0
45;industrial_complex;2034.00;10.23;736.00;4.03;0
45;industrial_complex;2040.00;10.28;777.00;0.77;0
45;industrial_complex;2038.00;10.35;771.00;1.98;0
45;industrial_complex;2023.00;10.20;741.00;6.10;0
45;industrial_complex;2058.00;12.53;760.00;2.48;0
45;industrial_complex;2039.00;10.23;735.00;4.04;0
45;air_base;2039.00;11.25;745.00;0.42;0
45;supply_node;2016.00;10.10;749.00;4.74;0
45;supply_node;2043.00;12.18;775.00;6.22;0
45;supply_node;2035.00;10.57;751.00;3.98;0
45;supply_node;2050.00;12.12;784.00;0.63;0
45;supply_node;2051.00;12.93;758.00;2.11;0
45;supply_node;2056.00;12.53;771.00;6.15;0
45;supply_node;2033.00;10.88;766.00;1.34;0
45;supply_node;2023.00;10.20;762.00;4.29;0
45;supply_node;2050.00;11.30;744.00;2.04;0
45;supply_node;2026.00;10.43;740.00;3.52;0
45;supply_node;2038.00;10.23;735.00;0.17;0
45;naval_base;2036.00;10.30;773.00;-2.74;18621
45;naval_base;2049.00;10.85;788.00;-3.14;18552
45;naval_base;2041.00;9.93;783.00;-2.36;18621
45;naval_base;2017.00;10.10;758.00;-2.60;18621
45;naval_base;2022.00;9.50;734.00;-0.64;18743
45;naval_base;2012.00;10.15;752.00;-1.77;18621
45;naval_base;2033.00;9.50;731.00;-0.54;18743
45;bunker;2024.00;10.20;763.00;2.56;0
45;bunker;2026.00;10.10;736.00;5.22;0
45;bunker;2057.00;12.20;747.00;0.50;0
45;bunker;2043.00;10.88;767.00;3.16;0
45;bunker;2033.00;11.10;760.00;1.00;0
45;bunker;2058.00;12.85;751.00;2.21;0
45;bunker;2040.00;10.25;737.00;5.23;0
45;bunker;2010.00;10.45;749.00;3.07;0
45;bunker;2051.00;12.70;768.00;4.27;0
45;bunker;2031.00;10.80;757.00;2.11;0
45;bunker;2050.00;13.43;781.00;3.67;0
45;coastal_bunker;2022.00;9.88;774.00;-2.60;0
45;coastal_bunker;2052.00;10.15;789.00;-3.14;0
45;coastal_bunker;2029.00;9.82;734.00;-0.64;0
45;coastal_bunker;2038.00;9.82;729.00;-0.54;0
45;coastal_bunker;2042.00;9.90;785.00;-3.04;0
45;coastal_bunker;2008.00;9.60;751.00;-1.77;0
45;coastal_bunker;2032.00;10.10;772.00;-2.74;0
45;dockyard;2055.00;10.23;788.00;-3.14;0
45;anti_air_building;2041.00;10.88;766.00;3.23;0
45;anti_air_building;2049.00;11.75;744.00;1.07;0
45;anti_air_building;2050.00;13.38;757.00;1.17;0
45;synthetic_refinery;2053.00;12.75;774.00;5.29;0
45;fuel_silo;2041.00;10.50;769.00;1.68;0
45;rocket_site;2053.00;12.15;749.00;5.90;0
45;nuclear_reactor;2060.00;13.00;756.00;3.74;0
45;floating_harbor;2031.40;9.50;724.00;-3.68;16570
44;arms_factory;2065.00;13.45;739.00;3.52;0
44;arms_factory;2053.00;11.57;715.00;0.26;0
44;arms_factory;2052.00;11.53;717.00;1.47;0
44;arms_factory;2055.00;12.40;723.00;5.59;0
44;arms_factory;2065.00;10.82;705.00;0.87;0
44;arms_factory;2061.00;10.75;681.00;3.53;0
44;industrial_complex;2059.00;12.28;718.00;1.37;0
44;industrial_complex;2082.00;12.88;731.00;4.03;0
44;industrial_complex;2056.00;11.00;690.00;0.77;0
44;industrial_complex;2065.00;10.93;676.00;1.98;0
44;industrial_complex;2043.00;11.48;727.00;6.10;0
44;industrial_complex;2071.00;13.88;740.00;2.48;0
44;air_base;2056.00;10.53;679.00;4.04;0
44;supply_node;2055.00;11.10;708.00;1.80;0
44;supply_node;2071.00;11.98;714.00;4.74;0
44;supply_node;2051.00;12.75;725.00;6.22;0
44;supply_node;2065.00;13.38;737.00;3.98;0
44;supply_node;2083.00;12.12;725.00;0.63;0
44;supply_node;2052.00;10.70;692.00;2.11;0
44;supply_node;2068.00;10.18;698.00;6.15;0
44;supply_node;2062.00;10.68;680.00;1.34;0
44;naval_base;2049.00;10.12;709.00;-1.45;18743
44;naval_base;2049.00;9.50;688.00;0.00;18143
44;naval_base;2070.00;9.80;693.00;0.54;18143
44;naval_base;2067.00;10.40;684.00;0.98;18143
44;naval_base;2048.00;9.60;715.00;-0.88;18743
44;bunker;2059.00;11.75;729.00;4.71;0
44;bunker;2068.00;10.60;712.00;1.45;0
44;bunker;2051.00;10.32;710.00;4.11;0
44;bunker;2058.00;11.43;742.00;0.49;0
44;bunker;2073.00;11.78;728.00;4.61;0
44;bunker;2063.00;10.78;698.00;4.72;0
44;bunker;2066.00;10.45;679.00;2.56;0
44;bunker;2052.00;11.53;697.00;5.22;0
44;coastal_bunker;2048.00;9.60;715.00;-0.88;0
44;coastal_bunker;2048.00;9.50;709.00;-1.45;0
44;coastal_bunker;2067.00;10.70;672.00;0.98;0
44;coastal_bunker;2067.00;9.88;690.00;0.54;0
44;coastal_bunker;2051.00;9.82;687.00;0.00;0
44;dockyard;2048.00;10.25;707.00;-1.45;0
44;anti_air_building;2081.00;12.60;727.00;4.27;0
44;anti_air_building;2077.00;11.43;719.00;2.11;0
44;anti_air_building;2048.00;10.30;717.00;3.67;0
44;synthetic_refinery;2061.00;10.73;732.00;1.51;0
44;fuel_silo;2051.00;11.93;706.00;2.72;0
44;rocket_site;2075.00;11.30;721.00;2.12;0
44;nuclear_reactor;2078.00;13.18;731.00;4.78;0
44;floating_harbor;2070.82;9.50;674.12;-2.16;16646
43;arms_factory;2102.00;10.53;695.00;3.52;0
43;arms_factory;2087.00;11.65;707.00;0.26;0
43;arms_factory;2116.00;11.30;697.00;1.47;0
43;arms_factory;2135.00;11.32;671.00;5.59;0
43;arms_factory;2108.00;14.50;709.00;0.87;0
43;arms_factory;2130.00;10.80;682.00;3.53;0
43;industrial_complex;2094.00;11.98;682.00;1.37;0
43;industrial_complex;2103.00;10.57;678.00;4.03;0
43;industrial_complex;2117.00;11.43;698.00;0.77;0
43;industrial_complex;2086.00;11.95;690.00;1.98;0
43;industrial_complex;2111.00;12.75;710.00;6.10;0
43;industrial_complex;2095.00;12.20;714.00;2.48;0
43;air_base;2124.00;10.90;686.00;4.04;0
43;supply_node;2098.00;11.80;686.00;1.80;0
43;supply_node;2084.00;13.23;697.00;4.74;0
43;supply_node;2126.00;10.43;686.00;6.22;0
43;supply_node;2119.00;12.35;702.00;3.98;0
43;supply_node;2111.00;12.12;720.00;0.63;0
43;supply_node;2099.00;13.43;720.00;2.11;0
43;supply_node;2090.00;11.00;707.00;6.15;0
43;supply_node;2105.00;12.53;704.00;1.34;0
43;supply_node;2137.00;10.20;669.00;4.29;0
43;supply_node;2101.00;12.55;668.00;2.04;0
43;supply_node;2138.00;11.05;645.00;3.52;0
43;naval_base;2135.00;10.80;680.00;-4.49;18544
43;naval_base;2131.00;10.85;698.00;-4.09;18544
43;naval_base;2096.00;10.00;673.00;-1.57;18143
43;naval_base;2112.00;10.45;725.00;-4.25;18544
43;naval_base;2144.00;11.20;665.00;-4.12;18544
43;naval_base;2080.00;9.60;690.00;-0.52;18143
43;naval_base;2090.00;9.50;681.00;-1.15;18143
43;naval_base;2135.00;9.75;645.00;1.57;18126
43;bunker;2092.00;10.93;681.00;2.56;0
43;bunker;2096.00;12.78;717.00;5.22;0
43;bunker;2108.00;11.90;703.00;0.50;0
43;bunker;2094.00;11.20;677.00;3.16;0
43;bunker;2123.00;11.32;708.00;1.00;0
43;bunker;2110.00;11.48;721.00;2.21;0
43;bunker;2130.00;12.35;689.00;5.23;0
43;bunker;2131.00;10.98;675.00;3.07;0
43;bunker;2099.00;10.80;700.00;4.27;0
43;bunker;2085.00;13.28;693.00;2.11;0
43;bunker;2138.00;11.03;641.00;3.67;0
43;coastal_bunker;2146.00;10.43;662.00;0.85;0
43;coastal_bunker;2114.00;10.73;724.00;-4.25;0
43;coastal_bunker;2101.00;9.68;657.00;0.08;0
43;coastal_bunker;2111.00;9.50;683.00;1.22;0
43;coastal_bunker;2135.00;10.03;647.00;1.57;0
43;coastal_bunker;2125.00;10.98;708.00;-4.09;0
43;coastal_bunker;2120.00;9.78;684.00;-0.88;0
43;coastal_bunker;2080.00;9.62;692.00;-0.52;0
43;dockyard;2142.00;10.60;649.00;1.57;0
43;anti_air_building;2100.00;12.18;707.00;1.07;0
43;anti_air_building;2104.00;10.50;696.00;1.17;0
43;anti_air_building;2094.00;12.10;697.00;5.29;0
43;synthetic_refinery;2097.00;11.88;675.00;1.68;0
43;fuel_silo;2133.00;11.18;673.00;4.34;0
43;rocket_site;2098.00;12.10;688.00;3.74;0
43;nuclear_reactor;2110.00;10.68;697.00;0.12;0
43;floating_harbor;2146.00;9.50;645.00;-1.57;16678
43;floating_harbor;2082.60;9.50;679.16;-4.29;1585